0.999990225 -0.002632139 -0.003562478 0.000234808 0.002624443 0.999994218 -0.002163572 -0.000285499 0.003568153 0.002154201 0.999991298 0.041808646
0.999966860 -0.001549640 -0.007993944 0.000041171 0.001520912 0.999992371 -0.003598538 -0.000670042 0.007999460 0.003586260 0.999961555 0.084696606
0.999928653 -0.001591537 -0.011836256 -0.000714082 0.001532318 0.999986231 -0.005010654 -0.000938674 0.011844069 0.004992159 0.999917328 0.128286272
0.999858618 -0.000040286 -0.016813742 -0.001828474 -0.000053811 0.999984324 -0.005595969 -0.001236879 0.016813703 0.005596081 0.999843001 0.173294872
0.999786198 -0.000764207 -0.020660572 -0.003413056 0.000644125 0.999982774 -0.005818164 -0.001792160 0.020664666 0.005803612 0.999769688 0.217304051
0.999670148 0.000500629 -0.025673935 -0.004513220 -0.000670334 0.999977946 -0.006601844 -0.002678322 0.025670066 0.006616878 0.999648571 0.265380591
0.999535143 0.003108437 -0.030327853 -0.006374839 -0.003341928 0.999965131 -0.007651238 -0.002695623 0.030303013 0.007749034 0.999510765 0.311225355
0.999380529 0.003499457 -0.035018146 -0.008203914 -0.003693241 0.999978125 -0.005470666 -0.003845497 0.034998238 0.005596608 0.999371707 0.361355007
0.999220669 0.002300713 -0.039405841 -0.010221059 -0.002429787 0.999991715 -0.003227917 -0.003708937 0.039398093 0.003321148 0.999218047 0.409659743
0.999081135 0.002732426 -0.042770989 -0.012672624 -0.002763151 0.999995947 -0.000659264 -0.004195289 0.042769019 0.000776841 0.999084830 0.460566968
0.998995245 0.004348032 -0.044605508 -0.016049249 -0.004407638 0.999989510 -0.001238023 -0.004858418 0.044599656 0.001433384 0.999004006 0.509165883
0.998865187 0.003480828 -0.047499817 -0.018031575 -0.003549671 0.999992669 -0.001365077 -0.005371121 0.047494721 0.001532136 0.998870254 0.560855150
0.998790205 0.001188565 -0.049161457 -0.020465640 -0.001294961 0.999996781 -0.002132411 -0.005605199 0.049158774 0.002193493 0.998788536 0.611066699
0.998693228 0.000041127 -0.051104162 -0.023458518 -0.000089219 0.999999464 -0.000938789 -0.006317935 0.051104106 0.000942121 0.998692870 0.661910832
0.998630166 -0.001647155 -0.052296259 -0.026556727 0.001587177 0.999997973 -0.001188397 -0.006800677 0.052298121 0.001103765 0.998630881 0.713047743
0.998499513 0.001013293 -0.054751102 -0.029116377 -0.001208408 0.999992967 -0.003530679 -0.007400094 0.054747142 0.003591542 0.998493850 0.767133832
0.998436272 0.001410570 -0.055883400 -0.032577343 -0.001760108 0.999979138 -0.006206053 -0.007791254 0.055873487 0.006294710 0.998418033 0.819021344
0.998343170 0.005291942 -0.057297703 -0.036430649 -0.005743292 0.999953687 -0.007715465 -0.008822499 0.057254229 0.008031758 0.998327255 0.873009384
0.998227715 0.005684217 -0.059238885 -0.038933657 -0.006132691 0.999953866 -0.007391553 -0.009262773 0.059194148 0.007741749 0.998216391 0.927082002
0.998176336 0.005183211 -0.060143266 -0.042901359 -0.005543347 0.999967694 -0.005822675 -0.010487302 0.060111135 0.006145452 0.998172939 0.981478810
0.998120010 0.005796625 -0.061016243 -0.047029007 -0.006028350 0.999975324 -0.003614346 -0.011475816 0.060993779 0.003975377 0.998130262 1.035566926
0.998034894 0.005255941 -0.062440652 -0.050244711 -0.005549323 0.999974370 -0.004526081 -0.011722666 0.062415268 0.004863691 0.998038411 1.089911938
0.997937679 0.005327967 -0.063968726 -0.054043230 -0.005647155 0.999972522 -0.004809964 -0.012922296 0.063941330 0.005161286 0.997940302 1.144971251
0.997890413 0.004201373 -0.064785264 -0.057806943 -0.004598061 0.999971688 -0.005975225 -0.013572097 0.064758323 0.006260507 0.997881353 1.199495316
0.997846842 0.003660081 -0.065487459 -0.061416537 -0.003881195 0.999987185 -0.003249524 -0.014781110 0.065474726 0.003496696 0.997848094 1.254574180
0.997844398 0.005112055 -0.065423831 -0.065240510 -0.005181825 0.999986172 -0.000896798 -0.014596293 0.065418348 0.001233879 0.997857153 1.311239243
0.997816861 0.006128557 -0.065756477 -0.068423875 -0.006012408 0.999979913 0.001964098 -0.014293848 0.065767176 -0.001564456 0.997833788 1.366813421
0.998015761 0.004991489 -0.062765129 -0.073097795 -0.004647713 0.999973297 0.005622009 -0.015324134 0.062791526 -0.005319139 0.998012483 1.422533512
0.998135984 0.005235427 -0.060802311 -0.077364184 -0.004827046 0.999964714 0.006861501 -0.016171642 0.060836095 -0.006555216 0.998126268 1.478918076
0.998216569 0.005603254 -0.059432555 -0.080515482 -0.005395657 0.999978781 0.003652890 -0.016170105 0.059451777 -0.003325698 0.998225570 1.535261393
0.998254716 0.006354039 -0.058710836 -0.084076941 -0.006417498 0.999978960 -0.000892377 -0.016717799 0.058703929 0.001267596 0.998274624 1.590919852
0.998371184 0.005840351 -0.056752037 -0.087990828 -0.006076900 0.999973476 -0.003996427 -0.016987151 0.056727197 0.004334795 0.998380303 1.647795320
0.998374164 0.002843556 -0.056928959 -0.090953514 -0.003009917 0.999991417 -0.002836728 -0.017555283 0.056920405 0.003003468 0.998374164 1.705314755
0.998407423 0.002022208 -0.056377560 -0.094763301 -0.001932276 0.999996722 0.001649644 -0.018011933 0.056380719 -0.001538080 0.998408139 1.763705730
0.998321533 -0.001840283 -0.057884187 -0.097428322 0.002136826 0.999984920 0.005061554 -0.018497959 0.057873990 -0.005176748 0.998310506 1.819308281
0.998204052 -0.008664068 -0.059273779 -0.099753149 0.008931696 0.999951124 0.004251660 -0.018910069 0.059234042 -0.004773441 0.998232722 1.878993988
0.998134911 -0.010863352 -0.060071234 -0.103892714 0.010904005 0.999940455 0.000349001 -0.019252693 0.060063869 -0.001003368 0.998194039 1.933334708
0.998043716 -0.010254114 -0.061671294 -0.107836761 0.010041038 0.999942482 -0.003763932 -0.019787706 0.061706349 0.003137325 0.998089433 1.992510438
0.997957766 -0.009021033 -0.063236006 -0.111805663 0.008768477 0.999952435 -0.004270250 -0.020544767 0.063271515 0.003707048 0.997989476 2.048524141
0.997923493 -0.008938354 -0.063786425 -0.116265044 0.008751049 0.999956548 -0.003215250 -0.021201663 0.063812390 0.002650376 0.997958422 2.107993364
0.997857690 -0.005706885 -0.065174125 -0.119812950 0.005738636 0.999983490 0.000299958 -0.022654999 0.065171339 -0.000673326 0.997873962 2.164951086
0.997750521 -0.005313943 -0.066825174 -0.123549275 0.005412085 0.999984562 0.001287707 -0.023000482 0.066817284 -0.001646474 0.997763872 2.225554705
0.997727633 -0.004156912 -0.067249283 -0.128235936 0.004453579 0.999980927 0.004262127 -0.023800669 0.067230307 -0.004551942 0.997727096 2.281606913
0.997681439 -0.004136776 -0.067930706 -0.131378919 0.004644508 0.999962330 0.007318023 -0.024424030 0.067897901 -0.007616561 0.997663200 2.341837168
0.997722387 0.001290711 -0.067441233 -0.137109712 -0.000644512 0.999953628 0.009602542 -0.024474878 0.067450508 -0.009537204 0.997677028 2.398996592
0.997676849 0.001514778 -0.068107516 -0.141078666 -0.000914066 0.999960303 0.008850344 -0.024505254 0.068118222 -0.008767529 0.997638702 2.458881378
0.997708023 0.001048176 -0.067657515 -0.145478398 -0.000576292 0.999975324 0.006993748 -0.024680503 0.067663170 -0.006938729 0.997684062 2.515412331
0.997724116 0.004432506 -0.067281187 -0.149913222 -0.004114505 0.999979734 0.004864289 -0.025519960 0.067301385 -0.004576392 0.997722149 2.574496746
0.997616053 0.003306378 -0.068929948 -0.153700948 -0.002982409 0.999984026 0.004802364 -0.025604822 0.068944730 -0.004585338 0.997609973 2.631321669
0.997545660 0.001690572 -0.069997467 -0.158077136 -0.001314200 0.999984384 0.005422651 -0.025504192 0.070005536 -0.005317352 0.997532427 2.691293955
0.997505009 0.001603832 -0.070579566 -0.162230641 -0.001079618 0.999971509 0.007464794 -0.026713273 0.070589527 -0.007369971 0.997478127 2.746137381
0.997456133 0.004388918 -0.071148045 -0.166675538 -0.004112964 0.999983370 0.004024606 -0.027626321 0.071164526 -0.003721740 0.997457564 2.804856062
0.997395992 0.004817923 -0.071958795 -0.170664251 -0.004841853 0.999988258 -0.000158134 -0.028227758 0.071957193 0.000506135 0.997407496 2.862822294
0.997338712 0.005234638 -0.072717875 -0.174739465 -0.005363264 0.999984384 -0.001573679 -0.028374920 0.072708510 0.001959496 0.997351348 2.915318251
0.997352898 0.004383062 -0.072581038 -0.179170400 -0.004248575 0.999989033 0.002007182 -0.029381491 0.072589025 -0.001693503 0.997360587 2.973222017
0.997344613 0.002799485 -0.072772481 -0.183354527 -0.002456888 0.999985456 0.004796881 -0.029585809 0.072784849 -0.004605351 0.997336924 3.028023005
0.997320414 0.000499041 -0.073155202 -0.187777013 -0.000100568 0.999985099 0.005450544 -0.030069673 0.073156849 -0.005428583 0.997305632 3.085874081
0.997317553 -0.002539347 -0.073152103 -0.191568196 0.002876086 0.999985754 0.004498314 -0.030866103 0.073139645 -0.004696639 0.997310698 3.139415026
0.997291148 -0.005002056 -0.073383488 -0.196115404 0.005264377 0.999980450 0.003381669 -0.031426497 0.073365130 -0.003758826 0.997298181 3.196428061
0.997229636 -0.006536808 -0.074097142 -0.200054750 0.006898676 0.999965429 0.004628799 -0.032249384 0.074064337 -0.005127148 0.997240305 3.249360800
0.997132421 -0.009669480 -0.075057030 -0.204257175 0.010339191 0.999910057 0.008539261 -0.032421276 0.074967720 -0.009290803 0.997142673 3.306401491
0.997057140 -0.010666775 -0.075914994 -0.208134234 0.011718813 0.999841094 0.013426158 -0.032522082 0.075759701 -0.014276282 0.997023880 3.360481024
0.997031093 -0.008837941 -0.076490156 -0.212550730 0.010038598 0.999832094 0.015326629 -0.032500770 0.076341853 -0.016048983 0.996952534 3.416463852
0.996943831 -0.007714827 -0.077741280 -0.217451334 0.008656912 0.999893069 0.011788491 -0.032960683 0.077642038 -0.012425460 0.996903896 3.469763041
0.996823609 -0.006756783 -0.079354197 -0.221535891 0.007102726 0.999966502 0.004078005 -0.033257820 0.079323985 -0.004628682 0.996838152 3.524533749
0.996799231 -0.004424741 -0.079822786 -0.226675302 0.004393146 0.999990165 -0.000571419 -0.033913393 0.079824552 0.000218917 0.996808827 3.576315165
0.996750891 0.000579916 -0.080543950 -0.231362984 -0.000580778 0.999999881 0.000012736 -0.034273747 0.080543958 0.000034084 0.996751070 3.629619598
0.996659219 0.003006198 -0.081617311 -0.236176893 -0.002786647 0.999992192 0.002803779 -0.035318308 0.081625134 -0.002566973 0.996659756 3.683096409
0.996552408 0.005419654 -0.082788326 -0.240947902 -0.005110755 0.999979019 0.003942654 -0.036033798 0.082807973 -0.003505951 0.996559381 3.732372761
0.996414483 0.005572870 -0.084422059 -0.244875878 -0.005267882 0.999978721 0.003834990 -0.036499709 0.084441654 -0.003376514 0.996422768 3.783139467
0.996292114 0.007552946 -0.085702486 -0.249351606 -0.007182401 0.999963343 0.004631126 -0.037229918 0.085734338 -0.003998405 0.996310055 3.833581448
0.996205747 0.009007147 -0.086562201 -0.254787862 -0.008580240 0.999949038 0.005302616 -0.037827335 0.086605571 -0.004539774 0.996232331 3.880709648
0.996087730 0.008391581 -0.087970309 -0.259121060 -0.007875072 0.999949634 0.006216820 -0.038830336 0.088018060 -0.005499728 0.996103644 3.929246902
0.995969176 0.008516295 -0.089291170 -0.263527691 -0.007880202 0.999941051 0.007473940 -0.039262787 0.089349560 -0.006740184 0.995977521 3.977652073
0.995836258 0.011466580 -0.090437315 -0.268338323 -0.010618640 0.999895036 0.009851599 -0.039573163 0.090540782 -0.008850255 0.995853424 4.022937775
0.995714843 0.012814537 -0.091583781 -0.273274362 -0.011597753 0.999837399 0.013805917 -0.039368793 0.091745786 -0.012684592 0.995701671 4.070507526
0.995461822 0.016306564 -0.093754701 -0.276720375 -0.014883298 0.999763310 0.015860019 -0.040267184 0.093991145 -0.014392663 0.995468974 4.116562843
0.995344400 0.019080704 -0.094473794 -0.282376051 -0.018058196 0.999768972 0.011666395 -0.040569328 0.094674557 -0.009906055 0.995458901 4.157059669
0.995206535 0.019039271 -0.095923781 -0.286752105 -0.018740050 0.999816358 0.004019369 -0.040554412 0.095982686 -0.002202488 0.995380461 4.200432777
0.995083988 0.018283760 -0.097331569 -0.290915400 -0.018527050 0.999827027 -0.001596301 -0.041109715 0.097285531 0.003391718 0.995250702 4.243506432
0.995061815 0.018708996 -0.097476840 -0.295698851 -0.019070642 0.999814272 -0.002779600 -0.041523293 0.097406752 0.004624820 0.995233893 4.280824184
0.994936645 0.021683738 -0.098136343 -0.300205410 -0.021707300 0.999764085 0.000827762 -0.042087279 0.098131143 0.001306704 0.995172620 4.321008682
0.994804502 0.022385295 -0.099312305 -0.304183662 -0.022211665 0.999749243 0.002853798 -0.042867694 0.099351287 -0.000633078 0.995052159 4.359840393
0.994753659 0.018580418 -0.100597434 -0.307569325 -0.018704459 0.999825001 -0.000289868 -0.043658320 0.100574456 0.002169967 0.994927108 4.394591808
0.994920075 0.010178251 -0.100152194 -0.311242968 -0.010805352 0.999925196 -0.005721010 -0.044137049 0.100086480 0.006774127 0.994955659 4.431076050
0.995032728 0.006536400 -0.099332891 -0.314307034 -0.007674021 0.999909222 -0.011074817 -0.044145245 0.099251479 0.011782088 0.994992554 4.466594219
0.995274782 0.008683647 -0.096708789 -0.317185134 -0.009778995 0.999893188 -0.010858030 -0.045272578 0.096604183 0.011752443 0.995253444 4.499002934
0.995614171 0.013573532 -0.092563957 -0.320682853 -0.014316986 0.999870241 -0.007372440 -0.046614092 0.092451878 0.008665344 0.995679438 4.532939911
0.996051073 0.011770475 -0.087998554 -0.323434830 -0.012251562 0.999912798 -0.004928828 -0.046641815 0.087932877 0.005987484 0.996108353 4.566292286
0.996550918 0.008584449 -0.082538359 -0.325279951 -0.008631229 0.999962687 -0.000209954 -0.047805201 0.082533471 0.000921637 0.996587813 4.595965385
0.997228801 0.004119502 -0.074282125 -0.326880991 -0.003888456 0.999987125 0.003254737 -0.048547179 0.074294567 -0.002956875 0.997231960 4.627385616
0.997946739 0.007831476 -0.063569665 -0.328762501 -0.007670808 0.999966741 0.002771097 -0.048796576 0.063589267 -0.002277777 0.997973502 4.657955647
0.998751760 0.012997169 -0.048230436 -0.330652356 -0.012893757 0.999913812 0.002454666 -0.049411204 0.048258193 -0.001829731 0.998833179 4.686478615
0.999382198 0.018178288 -0.030079391 -0.331363261 -0.018114319 0.999833047 0.002397768 -0.049224410 0.030117961 -0.001851419 0.999544621 4.715751648
0.999831021 0.016829982 -0.007401239 -0.331056595 -0.016803639 0.999852240 0.003607383 -0.050084166 0.007460862 -0.003482406 0.999966085 4.744596004
0.999747038 0.013220239 0.018194387 -0.329002380 -0.013299660 0.999902427 0.004251061 -0.050316334 -0.018136408 -0.004491965 0.999825418 4.770056725
0.998780191 0.012160636 0.047856651 -0.326372862 -0.012454174 0.999905288 0.005840248 -0.050869506 -0.047781095 -0.006429140 0.998837113 4.797342777
0.996614099 0.011479204 0.081415944 -0.323475420 -0.012100376 0.999901175 0.007140309 -0.051214565 -0.081325948 -0.008101297 0.996654630 4.823741913
0.992972434 0.011332583 0.117801145 -0.318610728 -0.012298647 0.999896348 0.007477087 -0.051543895 -0.117704228 -0.008873337 0.993008971 4.847249985
0.987002850 0.011895943 0.160261333 -0.314139187 -0.013237353 0.999885559 0.007305076 -0.051731106 -0.160156131 -0.009331568 0.987047553 4.872243404
0.978563845 0.011154624 0.205640987 -0.307542145 -0.012975980 0.999887526 0.007510444 -0.052475907 -0.205534130 -0.010017844 0.978598654 4.896730900
0.967221975 0.013718205 0.253561795 -0.299485564 -0.015539325 0.999865830 0.005180628 -0.052609690 -0.253456801 -0.008950996 0.967305243 4.918251514
0.951707304 0.014498765 0.306663930 -0.290475488 -0.016059875 0.999867737 0.002567817 -0.053461365 -0.306586176 -0.007368796 0.951814353 4.940869808
0.932090700 0.014339208 0.361940682 -0.279564500 -0.015558539 0.999878824 0.000454496 -0.054026127 -0.361890435 -0.006054901 0.932200968 4.962326050
0.907681942 0.015082171 0.419387758 -0.268722177 -0.015762310 0.999874055 -0.001843418 -0.054058254 -0.419362724 -0.004937285 0.907805324 4.981712818
0.878603935 0.015545050 0.477298111 -0.255750179 -0.015185609 0.999873996 -0.004611290 -0.053973727 -0.477309644 -0.003196563 0.878729343 5.001193523
0.844731569 0.013969910 0.535008013 -0.241933584 -0.012823583 0.999900520 -0.005861669 -0.055166919 -0.535036802 -0.001909184 0.844826639 5.019381046
0.807897866 0.014149950 0.589152634 -0.225556612 -0.011474430 0.999899864 -0.008280313 -0.055112038 -0.589210808 -0.000070544 0.807979286 5.037400246
0.767987549 0.012457053 0.640343547 -0.210581541 -0.010123057 0.999922037 -0.007311228 -0.055743985 -0.640384734 -0.000867303 0.768053770 5.051733971
0.725523949 0.011542232 0.688100159 -0.192860842 -0.011657886 0.999922037 -0.004480828 -0.056675725 -0.688098252 -0.004770846 0.725601852 5.066704750
0.680212021 0.011334786 0.732927740 -0.175115108 -0.011136217 0.999924779 -0.005128671 -0.056678951 -0.732930779 -0.004673459 0.680287063 5.079785824
0.633982420 0.009558510 0.773288310 -0.156475067 -0.006780009 0.999953866 -0.006801683 -0.057047207 -0.773317754 -0.000930754 0.634018064 5.091478348
0.586255729 0.006893893 0.810096741 -0.136272669 -0.000808259 0.999968290 -0.007924767 -0.057315379 -0.810125649 0.003991173 0.586242795 5.103425503
0.540784359 0.008727708 0.841115892 -0.115815639 -0.002923504 0.999959588 -0.008496297 -0.058249742 -0.841156244 0.002135658 0.540787995 5.112709045
0.492541522 0.012042792 0.870205581 -0.097290754 -0.007264061 0.999926209 -0.009726497 -0.058945298 -0.870258629 -0.001530523 0.492592782 5.122124672
0.447468042 0.014092582 0.894188821 -0.076305747 -0.008303768 0.999898076 -0.011603229 -0.059689060 -0.894261360 -0.002233063 0.447539568 5.130001545
0.404805303 0.011634597 0.914328873 -0.054424763 -0.000900471 0.999923646 -0.012325098 -0.060037404 -0.914402425 0.004165938 0.404784918 5.137100220
0.364709556 0.003909767 0.931113064 -0.033499479 0.014201008 0.999851465 -0.009760820 -0.060483012 -0.931013048 0.016782606 0.364599884 5.142711163
0.328922033 0.000612944 0.944356859 -0.011219859 0.018434707 0.999805033 -0.007069789 -0.060486812 -0.944177151 0.019734349 0.328846604 5.148408890
0.296332121 0.004509618 0.955074310 0.011044264 0.016023343 0.999824584 -0.009692503 -0.061147019 -0.954950511 0.018175690 0.296207875 5.153851032
0.264845818 0.012467958 0.964210153 0.034004569 0.004941795 0.999885678 -0.014286662 -0.061935179 -0.964278162 0.008548690 0.264753878 5.160367012
0.236411199 0.016575452 0.971511602 0.057341814 0.000540586 0.999852121 -0.017190531 -0.063063942 -0.971652985 0.004589219 0.236367285 5.165563583
0.210751966 0.018207239 0.977369905 0.081574678 0.002202281 0.999815106 -0.019100249 -0.064010657 -0.977537155 0.006177858 0.210672885 5.169563293
0.187580526 0.019782232 0.982049942 0.106334507 0.009614719 0.999712288 -0.021974519 -0.064431772 -0.982202172 0.013564127 0.187336385 5.172515869
0.166993156 0.025843145 0.985619366 0.131769300 0.016205922 0.999449372 -0.028951541 -0.064637803 -0.985824943 0.020807577 0.166482404 5.175542831
0.147747815 0.032742120 0.988482952 0.157749772 0.018529998 0.999184787 -0.035866268 -0.064661399 -0.988851428 0.023615751 0.147020653 5.178167820
0.130269200 0.033618201 0.990908504 0.185660839 0.016177006 0.999219894 -0.036026869 -0.065557308 -0.991346776 0.020723129 0.129623726 5.181428432
0.114432603 0.029195860 0.993001819 0.213301837 0.014514019 0.999412179 -0.031056914 -0.066968679 -0.993324935 0.017966375 0.113941595 5.184697151
0.099546477 0.026226236 0.994687200 0.243084371 0.014956946 0.999500215 -0.027849998 -0.067956224 -0.994920492 0.017649854 0.099104457 5.187435627
0.086763471 0.023405042 0.995953918 0.271705449 0.017264929 0.999538481 -0.024993328 -0.069366649 -0.996079385 0.019363582 0.086319350 5.188869476
0.075472891 0.022684354 0.996889770 0.302923232 0.020614795 0.999491990 -0.024304284 -0.070281774 -0.996934652 0.022384997 0.074966915 5.190185547
0.065126568 0.023161577 0.997608185 0.334278852 0.024116714 0.999401987 -0.024777627 -0.071401685 -0.997585475 0.025672715 0.064529046 5.191955090
0.057618629 0.023627324 0.998059034 0.367591202 0.026135119 0.999341488 -0.025166485 -0.072452657 -0.997996509 0.027534453 0.056963209 5.193212032
0.051673021 0.023960410 0.998376548 0.400839448 0.027702030 0.999292970 -0.025416179 -0.073314197 -0.998279750 0.028970389 0.050972737 5.194979191
0.046105076 0.025658414 0.998606920 0.436747700 0.029827531 0.999188840 -0.027050484 -0.073862396 -0.998491228 0.031033145 0.045302354 5.196310997
0.040122151 0.025575150 0.998867571 0.471495122 0.029346405 0.999210894 -0.026762726 -0.075520366 -0.998763740 0.030386945 0.039339952 5.197497845
0.036373891 0.025394578 0.999015570 0.509783268 0.032226916 0.999127269 -0.026570795 -0.076626986 -0.998818398 0.033161677 0.035523769 5.198105812
0.032926459 0.026046591 0.999118328 0.547250926 0.033381443 0.999073863 -0.027145535 -0.077571571 -0.998900175 0.034245819 0.032026496 5.199599266
0.030556908 0.025197156 0.999215364 0.587663949 0.034440871 0.999061882 -0.026246522 -0.079259641 -0.998939455 0.035215866 0.029660430 5.200335026
0.027184730 0.024624510 0.999327004 0.627068996 0.036291845 0.999013126 -0.025604025 -0.080282018 -0.998971403 0.036963467 0.026264239 5.201975822
0.027212486 0.024108371 0.999338865 0.670296788 0.041521151 0.998819053 -0.025226474 -0.081700437 -0.998766959 0.042180177 0.026179345 5.202029228
0.027594203 0.024193469 0.999326408 0.712178290 0.043861140 0.998714864 -0.025389792 -0.082548209 -0.998656511 0.044532195 0.026497589 5.203455925
0.029973200 0.023948811 0.999263763 0.757300735 0.045614503 0.998638570 -0.025302047 -0.084095873 -0.998509407 0.046339296 0.028839985 5.204877377
0.033922769 0.024124490 0.999133229 0.802705526 0.047724996 0.998529017 -0.025730267 -0.085248560 -0.998284340 0.048556473 0.032721527 5.206385136
0.038263630 0.023422172 0.998993099 0.847166896 0.048527732 0.998502076 -0.025269378 -0.086860895 -0.998088658 0.049445774 0.037069693 5.207713127
0.041955713 0.021880308 0.998879850 0.894134402 0.049552575 0.998484135 -0.023952987 -0.088274397 -0.997889936 0.050502036 0.040807895 5.210276604
0.046183676 0.020272652 0.998727262 0.944592595 0.049579874 0.998515248 -0.022561047 -0.089766957 -0.997701883 0.050558727 0.045109987 5.212740421
0.050184045 0.018129664 0.998575449 0.991271615 0.046521686 0.998707533 -0.020470038 -0.091103323 -0.997655869 0.047482688 0.049275763 5.215363503
0.054317273 0.017152095 0.998376369 1.041881680 0.045739572 0.998760164 -0.019647177 -0.092344955 -0.997475505 0.046732500 0.053465419 5.218582630
0.057935428 0.018203480 0.998154402 1.092803001 0.042898420 0.998864830 -0.020706374 -0.094035760 -0.997398198 0.044018883 0.057088763 5.222817421
0.061353493 0.021800233 0.997878015 1.140805244 0.040584121 0.998880148 -0.024317397 -0.095979199 -0.997290671 0.041989956 0.060400039 5.225117683
0.062916547 0.027024107 0.997652829 1.191705823 0.034367703 0.998981833 -0.029227484 -0.097945921 -0.997426808 0.036125936 0.061923716 5.228634357
0.062720373 0.030435251 0.997566938 1.243043900 0.031609524 0.998972893 -0.032465540 -0.099359982 -0.997530401 0.033568867 0.061693907 5.232204914
0.062642843 0.030374659 0.997573674 1.293107510 0.029606076 0.999040306 -0.032278437 -0.100770280 -0.997596800 0.031556249 0.061683457 5.236334801
0.062638983 0.028308550 0.997634709 1.344418883 0.027151134 0.999179244 -0.030057136 -0.103172816 -0.997666895 0.028969657 0.061818976 5.239915848
0.062751770 0.026855793 0.997667730 1.396276712 0.028068298 0.999194920 -0.028662357 -0.105462737 -0.997634411 0.029801447 0.061947465 5.242972374
0.062393680 0.026314896 0.997704685 1.446090460 0.025115907 0.999294281 -0.027927505 -0.107731804 -0.997735560 0.026800759 0.061688717 5.247437954
0.062395528 0.027059913 0.997684658 1.497737885 0.023861693 0.999306083 -0.028596211 -0.109588869 -0.997766256 0.025590720 0.061706543 5.251283646
0.062827706 0.027163580 0.997654736 1.549099445 0.020524893 0.999382854 -0.028503202 -0.112138957 -0.997813284 0.022267543 0.062231410 5.253991604
0.061067108 0.028617961 0.997723281 1.598180294 0.017530389 0.999403954 -0.029739138 -0.114090741 -0.997979701 0.019306567 0.060529016 5.258435249
0.057784509 0.028154267 0.997931957 1.649994373 0.014222796 0.999477625 -0.029021429 -0.116244107 -0.998227715 0.015870376 0.057353891 5.262227535
0.053822640 0.027383437 0.998174965 1.701321483 0.012197476 0.999531329 -0.028078347 -0.117770024 -0.998476028 0.013686470 0.053463407 5.265629292
0.049454398 0.024745233 0.998469830 1.750140667 0.010760845 0.999621749 -0.025306769 -0.120172590 -0.998718381 0.011995908 0.049169414 5.267675877
0.043086611 0.022035876 0.998828411 1.800992489 0.008380102 0.999713540 -0.022416905 -0.122536868 -0.999036133 0.009336150 0.042889614 5.270084381
0.036264278 0.022711083 0.999084175 1.852910757 0.008449456 0.999699056 -0.023031754 -0.124244303 -0.999306560 0.009276950 0.036061477 5.271539688
0.027431484 0.023790736 0.999340534 1.901297688 0.008647899 0.999673665 -0.024036042 -0.126050636 -0.999586225 0.009301541 0.027216798 5.273599625
0.016741717 0.024326947 0.999563873 1.951879501 0.007866587 0.999669790 -0.024461282 -0.127788514 -0.999828815 0.008272680 0.016544824 5.274862766
0.006615004 0.023486765 0.999702215 2.004165411 0.009198719 0.999680459 -0.023547115 -0.129495814 -0.999935865 0.009351745 0.006396841 5.275129318
-0.003911315 0.022815593 0.999732018 2.050667286 0.009855003 0.999691963 -0.022776119 -0.130775332 -0.999943793 0.009763281 -0.004134958 5.275020123
-0.015404362 0.021828491 0.999642968 2.100873947 0.010751537 0.999707401 -0.021664219 -0.132791683 -0.999823511 0.010413977 -0.015634548 5.274486065
-0.026690805 0.021942072 0.999402821 2.151257038 0.011003055 0.999704897 -0.021654850 -0.134553865 -0.999583185 0.010418504 -0.026924362 5.273641586
-0.037039012 0.022848114 0.999052584 2.196255684 0.011244203 0.999684751 -0.022445705 -0.136163682 -0.999250591 0.010402184 -0.037284259 5.270875931
-0.047745392 0.023803532 0.998575866 2.245307446 0.011334741 0.999664485 -0.023287535 -0.138030380 -0.998795271 0.010206725 -0.047999196 5.268528461
-0.058349535 0.024682472 0.997990966 2.294157267 0.011600618 0.999643505 -0.024045089 -0.139569581 -0.998228848 0.010174293 -0.058615070 5.265743256
-0.067839123 0.025581447 0.997368217 2.338626385 0.012619678 0.999613225 -0.024780661 -0.141385153 -0.997616410 0.010905367 -0.068135738 5.263163090
-0.077830672 0.026554717 0.996612728 2.386796951 0.013283596 0.999584138 -0.025596499 -0.142809153 -0.996878088 0.011246410 -0.078151047 5.259604454
-0.087592930 0.026756715 0.995796919 2.435397625 0.013731835 0.999576628 -0.025650382 -0.144868255 -0.996061683 0.011427327 -0.087923273 5.255610466
-0.095397271 0.026168473 0.995095134 2.476157188 0.015481998 0.999572456 -0.024801994 -0.146492183 -0.995318890 0.013040021 -0.095761649 5.251163483
-0.102515377 0.025011119 0.994416833 2.521014690 0.016486293 0.999589205 -0.023441618 -0.148329973 -0.994594812 0.013991122 -0.102885626 5.245697021
-0.108119182 0.023619568 0.993857265 2.568167686 0.020149356 0.999564409 -0.021563200 -0.149895146 -0.993933797 0.017694188 -0.108548015 5.241320133
-0.111969501 0.021766942 0.993473232 2.607963324 0.023333395 0.999541879 -0.019270115 -0.151753530 -0.993437648 0.021023439 -0.112426132 5.236325741
-0.114981212 0.020405024 0.993158102 2.652523756 0.025091996 0.999529541 -0.017630948 -0.153883308 -0.993050635 0.022893094 -0.115439147 5.231657982
-0.116744243 0.019664321 0.992967367 2.695983887 0.025201464 0.999540567 -0.016831538 -0.155023530 -0.992842257 0.023059251 -0.117186189 5.226641178
-0.116806708 0.020681337 0.992939293 2.734457493 0.026359776 0.999495625 -0.017717000 -0.155520082 -0.992804825 0.024104193 -0.117292956 5.221145153
-0.116104402 0.021296620 0.993008614 2.775483608 0.026126996 0.999489725 -0.018380797 -0.157291263 -0.992893398 0.023810238 -0.116601564 5.216279984
-0.112933137 0.023423066 0.993326426 2.811431170 0.028283514 0.999392748 -0.020350508 -0.158198714 -0.993199944 0.025796514 -0.113527030 5.211913109
-0.108126104 0.023729557 0.993853867 2.849178314 0.028085828 0.999388933 -0.020806121 -0.159806073 -0.993740380 0.025663521 -0.108726487 5.208045483
-0.099838123 0.024653377 0.994698226 2.884735107 0.027929503 0.999368608 -0.021965833 -0.160981506 -0.994611621 0.025588408 -0.100463651 5.204899311
-0.088605620 0.024747485 0.995759308 2.920757532 0.026144370 0.999404669 -0.022511676 -0.162421316 -0.995723605 0.024038840 -0.089199878 5.201926231
-0.074893773 0.024843574 0.996882021 2.955538034 0.025828976 0.999402523 -0.022965912 -0.164008960 -0.996856928 0.024028441 -0.075490698 5.199737072
-0.058131792 0.026003668 0.997970223 2.986845255 0.024168182 0.999404371 -0.024633246 -0.165537596 -0.998016477 0.022687148 -0.058725625 5.199332237
-0.036574244 0.028447067 0.998926103 3.020345449 0.022906179 0.999355972 -0.027620642 -0.166925371 -0.999068499 0.021871373 -0.037202314 5.198817730
-0.012043633 0.031648345 0.999426603 3.052072525 0.021432631 0.999277592 -0.031385351 -0.168379337 -0.999697864 0.021042345 -0.012713253 5.199656010
0.016030610 0.033144791 0.999321938 3.081743002 0.018553691 0.999268472 -0.033440638 -0.169928789 -0.999699354 0.019077186 0.015403925 5.201350689
0.049268309 0.032632191 0.998252273 3.113968611 0.016477223 0.999303579 -0.033479780 -0.171663195 -0.998649657 0.018097920 0.048696317 5.204083443
0.088459685 0.030466467 0.995613635 3.144348621 0.016453249 0.999351025 -0.032042690 -0.172788069 -0.995943844 0.019215569 0.087901004 5.206829548
0.130195186 0.026597630 0.991131544 3.173531771 0.013150908 0.999505818 -0.028549863 -0.174245238 -0.991401196 0.016751332 0.129781082 5.212755203
0.175550565 0.022452137 0.984214306 3.204254389 0.010896260 0.999634266 -0.024747420 -0.175208375 -0.984410167 0.015068676 0.175241739 5.219298363
0.223889202 0.019165132 0.974426150 3.234380245 0.006351789 0.999756694 -0.021122754 -0.176613659 -0.974593937 0.010918506 0.223713025 5.228685379
0.275823027 0.017320566 0.961052358 3.260826349 0.002041628 0.999824762 -0.018605286 -0.177868009 -0.961206257 0.007093879 0.275739342 5.237473011
0.331028223 0.017053682 0.943466783 3.290075302 0.000439770 0.999833763 -0.018226847 -0.178715914 -0.943620741 0.006448509 0.330965757 5.249260426
0.387806624 0.017416170 0.921576142 3.314503908 0.002810781 0.999794424 -0.020077160 -0.180039808 -0.921736538 0.010376405 0.387677968 5.262241364
0.446607500 0.020014981 0.894506037 3.339282751 0.004633025 0.999684572 -0.024681568 -0.181217194 -0.894717991 0.015167244 0.446373940 5.277927876
0.506040573 0.023850383 0.862179935 3.362646580 0.005366134 0.999511182 -0.030798914 -0.181788743 -0.862493038 0.020212073 0.505665123 5.293906689
0.562920988 0.030749224 0.825938463 3.384667158 0.000302650 0.999299943 -0.037409641 -0.181163102 -0.826510787 0.021308642 0.562517583 5.313034058
0.620326638 0.031686895 0.783703089 3.405658722 -0.003260339 0.999279022 -0.037822466 -0.183199346 -0.784336686 0.020907147 0.619982958 5.331542969
0.673035502 0.032689884 0.738887131 3.425846577 -0.004991646 0.999200642 -0.039659910 -0.184374511 -0.739593327 0.023004266 0.672660947 5.353272438
0.721944809 0.030646997 0.691271603 3.443494320 -0.005804507 0.999251783 -0.038239002 -0.185597479 -0.691926301 0.023593960 0.721582532 5.374940395
0.768573105 0.027105279 0.639187574 3.462750912 -0.008216927 0.999437988 -0.032501791 -0.187000215 -0.639709234 0.019727841 0.768363833 5.399848461
0.808849037 0.021779774 0.587612748 3.475069761 -0.008263415 0.999636173 -0.025676759 -0.187644035 -0.587958217 0.015912935 0.808734775 5.423463821
0.846282005 0.016879033 0.532467484 3.491021872 -0.008837533 0.999805272 -0.017647447 -0.189671874 -0.532661796 0.010229018 0.846266389 5.451670170
0.876770020 0.014669264 0.480686009 3.500444412 -0.010595530 0.999881268 -0.011187504 -0.189597249 -0.480793089 0.004715742 0.876821399 5.477126122
0.902484000 0.015965136 0.430427462 3.511492014 -0.014858399 0.999872029 -0.005932768 -0.190420270 -0.430467099 -0.001041236 0.902605653 5.506286621
0.922968328 0.017102886 0.384495407 3.519963741 -0.017724389 0.999840975 -0.001927505 -0.191346839 -0.384467304 -0.005035920 0.923124909 5.532690525
0.938477695 0.023164742 0.344561756 3.528804779 -0.024765467 0.999693215 0.000244375 -0.191334590 -0.344450414 -0.008762572 0.938763678 5.564318657
0.950336277 0.027224613 0.310031772 3.536266804 -0.028437775 0.999595344 -0.000606864 -0.191623867 -0.309922844 -0.008239888 0.950726032 5.595667839
0.959636331 0.029537173 0.279688299 3.543914318 -0.030625105 0.999530792 -0.000480374 -0.191744104 -0.279571205 -0.008104498 0.960090876 5.626831055
0.966086864 0.023635579 0.257133126 3.550101757 -0.024433346 0.999701381 -0.000092500 -0.192108318 -0.257058561 -0.006193261 0.966375947 5.651452065
0.970026195 0.020076256 0.242169484 3.557356596 -0.020848254 0.999782383 0.000625451 -0.192544729 -0.242104232 -0.005655515 0.970233738 5.684726238
0.972861588 0.024029739 0.230136260 3.564048767 -0.024668930 0.999695659 -0.000099791 -0.192503676 -0.230068639 -0.005580134 0.973158360 5.718744755
0.975144029 0.029836109 0.219553828 3.569882393 -0.030809727 0.999524772 0.001011108 -0.192747459 -0.219419330 -0.007750370 0.975599885 5.748297691
0.976066470 0.037699707 0.214179367 3.576074123 -0.038481776 0.999259233 -0.000518268 -0.192743823 -0.214040235 -0.007736139 0.976794302 5.784203529
0.976348460 0.044100519 0.211657047 3.582833767 -0.044259802 0.999012172 -0.003987394 -0.193323404 -0.211623818 -0.005474814 0.977335870 5.820482254
0.976672411 0.045008309 0.209964573 3.589532852 -0.044694651 0.998981178 -0.006241150 -0.194110125 -0.210031569 -0.003288735 0.977689087 5.850602627
0.976155639 0.043683700 0.212630704 3.597910404 -0.042568348 0.999045253 -0.009822949 -0.194856167 -0.212856814 0.000537389 0.977083325 5.888616562
0.975409806 0.042068385 0.216346800 3.605457306 -0.039428156 0.999085963 -0.016507419 -0.195013732 -0.216843501 0.007571343 0.976176977 5.921856880
0.974286735 0.042653520 0.221237674 3.613928318 -0.038979884 0.999020398 -0.020946510 -0.195831031 -0.221914396 0.011784088 0.974994898 5.961546421
0.973252475 0.047223315 0.224831745 3.622064590 -0.043639671 0.998829007 -0.020884890 -0.196222618 -0.225554749 0.010514687 0.974173784 5.995942116
0.971541822 0.050444335 0.231434003 3.630340338 -0.047858957 0.998713195 -0.016775573 -0.197164193 -0.231982470 0.005221980 0.972705960 6.037639618
0.970828474 0.047306783 0.235061809 3.640403032 -0.045699183 0.998879671 -0.012284898 -0.198132873 -0.235379636 0.001184396 0.971902847 6.073547363
0.969992876 0.043055147 0.239290506 3.651481628 -0.042613812 0.999066949 -0.007020243 -0.198763520 -0.239369497 -0.003387494 0.970922709 6.117433548
0.969286501 0.040365417 0.242598891 3.661122799 -0.041105900 0.999152720 -0.002010763 -0.199666575 -0.242474541 -0.008023244 0.970124662 6.154672623
0.968787014 0.035617504 0.245322183 3.672585249 -0.036307167 0.999339163 -0.001712244 -0.199936330 -0.245221093 -0.007248157 0.969440162 6.198343277
0.968726397 0.032437824 0.246001676 3.682534695 -0.032303214 0.999467552 -0.004583644 -0.200698346 -0.246019408 -0.003506346 0.969258547 6.237261772
0.968789637 0.031827401 0.245832264 3.693722010 -0.029919621 0.999486148 -0.011492509 -0.201522321 -0.246071771 0.003778617 0.969244242 6.282560825
0.968988597 0.034060616 0.244746432 3.703844547 -0.030540537 0.999368429 -0.018164352 -0.202165395 -0.245210558 0.010126365 0.969416976 6.322423935
0.969635785 0.037158806 0.241713732 3.715367079 -0.032709211 0.999213874 -0.022396628 -0.202632397 -0.242355958 0.013810310 0.970089138 6.369432926
0.970226407 0.035189368 0.239629909 3.725292683 -0.031865634 0.999334812 -0.017731860 -0.203516066 -0.240094513 0.009567959 0.970702350 6.411258698
0.970613539 0.031347390 0.238593176 3.737166405 -0.029787593 0.999504745 -0.010141227 -0.204692841 -0.238792986 0.002736094 0.971066654 6.460416794
0.971230984 0.031881839 0.235996082 3.747502327 -0.031804465 0.999485552 -0.004135515 -0.205817938 -0.236006528 -0.003489189 0.971745372 6.504087925
0.971563816 0.035038516 0.234171093 3.758937359 -0.034844264 0.999380469 -0.004968113 -0.206799537 -0.234200105 -0.003332680 0.972182751 6.554405212
0.971848845 0.040616840 0.232077330 3.768648386 -0.039488055 0.999174714 -0.009509356 -0.207204297 -0.232272014 0.000077376 0.972650886 6.598583698
0.972708344 0.041622765 0.228267193 3.780367374 -0.039228264 0.999117315 -0.015019104 -0.207850412 -0.228690863 0.005654682 0.973482609 6.650401115
0.973628521 0.040337387 0.224544525 3.791991711 -0.037248593 0.999144256 -0.017976746 -0.208798915 -0.225077510 0.009138707 0.974298060 6.703042984
0.974659264 0.038128015 0.220421419 3.801826000 -0.035439149 0.999241412 -0.016141806 -0.209889784 -0.220869675 0.007921211 0.975271225 6.745166779
0.975518465 0.034320567 0.217223406 3.813601494 -0.031946763 0.999385357 -0.014431351 -0.210871533 -0.217585206 0.007138464 0.976015329 6.800220490
0.975785792 0.033585310 0.216134533 3.825065136 -0.031905368 0.999427438 -0.011258171 -0.212359607 -0.216388881 0.004089710 0.976298809 6.856302261
0.976334453 0.029878091 0.214191824 3.835753918 -0.028632484 0.999550104 -0.008916173 -0.213229984 -0.214361876 0.002572324 0.976751029 6.898976326
0.976589918 0.025304794 0.213615909 3.848484039 -0.024166660 0.999676287 -0.007938041 -0.213686585 -0.213747665 0.002589827 0.976885498 6.954339504
0.976660371 0.025557827 0.213263050 3.860329390 -0.024737053 0.999672651 -0.006516656 -0.214476854 -0.213359848 0.001089060 0.976973116 7.011624813
0.976477683 0.030882601 0.213394985 3.869620323 -0.029839301 0.999521673 -0.008109004 -0.215983748 -0.213543326 0.001550703 0.976932347 7.055703163
0.976346135 0.036182467 0.213163912 3.882204771 -0.034468353 0.999336541 -0.011753501 -0.216686457 -0.213447750 0.004128077 0.976945758 7.111337662
0.975680530 0.045465432 0.214429960 3.893646240 -0.043558836 0.998958051 -0.013610748 -0.217435434 -0.214825347 0.003939422 0.976644576 7.169219971
0.974694729 0.051369298 0.217557639 3.902683258 -0.049861308 0.998678863 -0.012419119 -0.219103470 -0.217908159 0.001257141 0.975968480 7.215785980
0.973813713 0.054090243 0.220819131 3.914988995 -0.053126410 0.998534501 -0.010305978 -0.220586449 -0.221052989 -0.001695224 0.975260317 7.273909569
0.973297000 0.054367561 0.223018289 3.928560495 -0.053153720 0.998520613 -0.011446533 -0.221631944 -0.223310679 -0.000713375 0.974747062 7.332351208
0.973034978 0.052295849 0.224650919 3.942322254 -0.050384194 0.998628378 -0.014237802 -0.222811759 -0.225087374 0.002535022 0.974335313 7.390483379
0.973063707 0.046154190 0.225868821 3.952114582 -0.044445630 0.998931646 -0.012646532 -0.224121064 -0.226211205 0.002267001 0.974075675 7.432222366
0.973338425 0.039247029 0.225990996 3.966851234 -0.036998801 0.999214768 -0.014176911 -0.225737333 -0.226369962 0.005437536 0.974026263 7.490381241
0.973176420 0.038323194 0.226845637 3.981114388 -0.035992540 0.999248207 -0.014403140 -0.227458447 -0.227227107 0.005852046 0.973824203 7.547698975
0.972728670 0.040299825 0.228417858 3.994344950 -0.038608368 0.999183834 -0.011870646 -0.228092074 -0.228709877 0.002728077 0.973490834 7.605401516
0.972146392 0.043633707 0.230276898 4.002639771 -0.043483905 0.999037802 -0.005727850 -0.229227066 -0.230305240 -0.004445031 0.973108351 7.647869110
0.971718907 0.047414336 0.231331572 4.015668869 -0.048330981 0.998829901 -0.001706365 -0.230566233 -0.231141806 -0.009522375 0.972873509 7.705735207
0.971599638 0.046552379 0.232006222 4.030156612 -0.045882441 0.998912454 -0.008285911 -0.231725276 -0.232139662 -0.002594424 0.972679079 7.763880730
0.971885979 0.042019852 0.231671914 4.043492317 -0.037749950 0.999026358 -0.022835234 -0.232915998 -0.232405871 0.013447642 0.972525954 7.819077969
0.972093642 0.040116679 0.231137395 4.053233147 -0.033795379 0.998940229 -0.031244950 -0.234638244 -0.232145876 0.022561643 0.972419262 7.860099316
0.972311556 0.037162509 0.230713949 4.066074371 -0.032916445 0.999211013 -0.022227228 -0.235868365 -0.231357872 0.014017511 0.972767830 7.916892052
0.972841680 0.030523529 0.229450226 4.081091881 -0.031012602 0.999517858 -0.001475070 -0.237539694 -0.229384616 -0.005680839 0.973319292 7.976720810
0.973053038 0.026786240 0.229020745 4.090994835 -0.030723780 0.999434710 0.013644014 -0.238898456 -0.228525832 -0.020312730 0.973325968 8.022190094
