0.999999940 -0.000000000 0.000000000 -0.000000000 -0.000000000 1.000000000 0.000000000 0.000000060 0.000000000 0.000000000 0.999999940 0.000000000
0.999996185 -0.002389211 -0.001316059 -0.007109359 0.002393074 0.999992847 0.002941992 -0.015580077 0.001309020 -0.002945131 0.999994695 1.525396705
0.999992430 -0.002707222 -0.002780249 -0.012840410 0.002717952 0.999988794 0.003863130 -0.033952720 0.002769759 -0.003870658 0.999988616 3.048857689
0.999990225 -0.001605949 -0.004121196 -0.029159950 0.001620023 0.999992847 0.003413967 -0.045867756 0.004115682 -0.003420610 0.999985695 4.562982559
0.999983609 -0.000779978 -0.005671894 -0.042974308 0.000799056 0.999994040 0.003362162 -0.063658915 0.005669238 -0.003366638 0.999978185 6.068912506
0.999974370 -0.001043618 -0.007086299 -0.058852006 0.001067858 0.999993563 0.003417836 -0.074754491 0.007082687 -0.003425315 0.999969006 7.570240974
0.999961317 -0.001601418 -0.008642056 -0.080044985 0.001636112 0.999990582 0.004008920 -0.094488800 0.008635556 -0.004022905 0.999954462 9.080924988
0.999941289 -0.003287033 -0.010322440 -0.102801092 0.003319647 0.999989510 0.003143961 -0.108323887 0.010311999 -0.003178044 0.999941707 10.573004723
0.999922693 -0.004455450 -0.011609218 -0.121807784 0.004494627 0.999984443 0.003350716 -0.120211482 0.011594103 -0.003402635 0.999926984 12.074587822
0.999907911 -0.004145401 -0.012918403 -0.144665927 0.004188098 0.999985814 0.003279801 -0.136199132 0.012904628 -0.003333603 0.999911070 13.563065529
0.999893129 -0.003935465 -0.014077219 -0.169490039 0.003982397 0.999986649 0.003307429 -0.151391521 0.014064017 -0.003363136 0.999895394 15.052115440
0.999890566 -0.002419556 -0.014592824 -0.201639771 0.002475633 0.999989629 0.003825933 -0.166223601 0.014583415 -0.003861640 0.999886096 16.524454117
0.999882996 -0.001352441 -0.015233446 -0.231195912 0.001421421 0.999988794 0.004518271 -0.180142954 0.015227171 -0.004539396 0.999873757 18.002347946
0.999872684 -0.000254888 -0.015949624 -0.263202339 0.000343335 0.999984622 0.005542891 -0.196435750 0.015947970 -0.005547662 0.999857426 19.476316452
0.999867022 -0.000674369 -0.016294299 -0.289489150 0.000765774 0.999984026 0.005604046 -0.211084172 0.016290253 -0.005615779 0.999851525 20.950380325
0.999854565 0.000468035 -0.017048312 -0.321323037 -0.000372613 0.999984264 0.005599902 -0.220800161 0.017050661 -0.005592736 0.999838948 22.411329269
0.999853015 0.000863272 -0.017122291 -0.348245919 -0.000760150 0.999981523 0.006028308 -0.232144505 0.017127177 -0.006014407 0.999835193 23.879005432
0.999855399 0.001886795 -0.016894449 -0.386508703 -0.001764228 0.999972045 0.007266854 -0.243115082 0.016907685 -0.007235997 0.999830902 25.321239471
0.999857008 0.001837060 -0.016807182 -0.412546575 -0.001737797 0.999980986 0.005918698 -0.252563655 0.016817737 -0.005888643 0.999841213 26.773017883
0.999860168 0.002076566 -0.016586896 -0.449054658 -0.002014947 0.999991059 0.003730755 -0.258173347 0.016594499 -0.003696812 0.999855459 28.206493378
0.999866247 0.000713421 -0.016338985 -0.481210798 -0.000654547 0.999993265 0.003608329 -0.276680589 0.016341450 -0.003597153 0.999859929 29.641387939
0.999869883 -0.000261154 -0.016127622 -0.509925902 0.000364146 0.999979496 0.006383444 -0.293247044 0.016125625 -0.006388487 0.999849498 31.055826187
0.999870479 -0.001765296 -0.015991271 -0.538788557 0.001887856 0.999968886 0.007652378 -0.305365920 0.015977262 -0.007681576 0.999842823 32.484321594
0.999876022 -0.002452990 -0.015549366 -0.567994595 0.002557182 0.999974310 0.006684395 -0.311534703 0.015532568 -0.006723331 0.999856710 33.888572693
0.999880731 -0.002533400 -0.015229422 -0.598890483 0.002611104 0.999983668 0.005084538 -0.328904033 0.015216292 -0.005123698 0.999871016 35.268966675
0.999891400 -0.001106701 -0.014692815 -0.629311919 0.001170423 0.999989986 0.004329058 -0.341735423 0.014687875 -0.004345784 0.999882638 36.628963470
0.999903023 -0.000940648 -0.013889959 -0.654649734 0.000988873 0.999993503 0.003465484 -0.361701995 0.013886606 -0.003478885 0.999897480 37.995342255
0.999920845 -0.000510263 -0.012570855 -0.679802120 0.000566389 0.999989927 0.004461625 -0.377839684 0.012568450 -0.004468392 0.999911010 39.324932098
0.999937117 -0.000167512 -0.011214326 -0.701989353 0.000242512 0.999977648 0.006686879 -0.395548671 0.011212956 -0.006689179 0.999914706 40.660762787
0.999954641 -0.000681900 -0.009502560 -0.718687296 0.000753592 0.999971330 0.007543037 -0.408362687 0.009497145 -0.007549855 0.999926388 41.957065582
0.999974191 -0.000075841 -0.007176287 -0.737783790 0.000136151 0.999964654 0.008403855 -0.423441648 0.007175394 -0.008404613 0.999938905 43.246295929
0.999992847 -0.000371356 -0.003767720 -0.751623034 0.000400988 0.999968946 0.007867131 -0.436721146 0.003764682 -0.007868584 0.999961913 44.510387421
0.999999166 -0.001189490 -0.000056153 -0.758839369 0.001189812 0.999980509 0.006130671 -0.449351966 0.000048857 -0.006130734 0.999981105 45.770351410
0.999993026 -0.000949580 0.003589841 -0.765924811 0.000934211 0.999990404 0.004280547 -0.462206304 -0.003593874 -0.004277163 0.999984324 46.991081238
0.999971151 -0.000693742 0.007564610 -0.760166168 0.000655323 0.999986827 0.005080134 -0.478714943 -0.007568033 -0.005075030 0.999958456 48.213531494
0.999912083 -0.000400057 0.013253904 -0.758104682 0.000335160 0.999987960 0.004898260 -0.492192596 -0.013255702 -0.004893387 0.999900103 49.418853760
0.999808788 0.000993557 0.019527361 -0.740760565 -0.001069776 0.999991834 0.003893111 -0.503666699 -0.019523332 -0.003913256 0.999801695 50.628158569
0.999636590 0.002096856 0.026876178 -0.718119383 -0.002199970 0.999990404 0.003807608 -0.516445398 -0.026867937 -0.003865351 0.999631524 51.818546295
0.999369323 0.003584222 0.035327844 -0.684791207 -0.003757547 0.999981165 0.004841005 -0.530399799 -0.035309825 -0.004970699 0.999364018 53.011226654
0.998937666 0.005766642 0.045718178 -0.636402369 -0.006029459 0.999965966 0.005612839 -0.544111609 -0.045684256 -0.005882532 0.998938620 54.186061859
0.998244286 0.007919513 0.058699820 -0.584955692 -0.008258017 0.999950647 0.005526347 -0.556509137 -0.058653161 -0.006001387 0.998260319 55.336383820
0.997234821 0.009888922 0.073653847 -0.518644810 -0.010336446 0.999930382 0.005697314 -0.566219330 -0.073592372 -0.006442879 0.997267544 56.466171265
0.995877981 0.012190850 0.089880563 -0.428137302 -0.012893576 0.999890625 0.007241958 -0.580843925 -0.089782462 -0.008370987 0.995926201 57.588985443
0.994123161 0.012185650 0.107566893 -0.315940857 -0.013097225 0.999883950 0.007772084 -0.589327991 -0.107459694 -0.009135236 0.994167507 58.692150116
0.991846800 0.012125464 0.126857698 -0.189164639 -0.013148420 0.999887347 0.007229533 -0.602096975 -0.126755744 -0.008838568 0.991894662 59.797210693
0.989059746 0.011118037 0.147095829 -0.030932426 -0.012162660 0.999906719 0.006204106 -0.606735349 -0.147013128 -0.007925308 0.989102781 60.887840271
0.985731959 0.008486581 0.168108433 0.137715340 -0.009656676 0.999934554 0.006144050 -0.622783661 -0.168045297 -0.007679754 0.985749364 61.929592133
0.981841803 0.003389528 0.189670861 0.339644432 -0.005074370 0.999951839 0.008398043 -0.631748319 -0.189633310 -0.009208009 0.981811821 62.965045929
0.977057636 -0.002062805 0.212965414 0.560297012 -0.000028456 0.999951720 0.009816187 -0.643259048 -0.212975413 -0.009597041 0.977010369 63.998374939
0.971574545 -0.007166684 0.236625120 0.813836098 0.005169624 0.999945521 0.009059131 -0.650244594 -0.236677155 -0.007578359 0.971558750 65.011016846
0.965022802 -0.013288938 0.261828721 1.085315704 0.011731230 0.999902904 0.007511568 -0.662949324 -0.261903167 -0.004177261 0.965085089 65.998626709
0.957463741 -0.016968068 0.288053930 1.384670258 0.015167130 0.999848962 0.008482873 -0.670569420 -0.288154364 -0.003753092 0.957576573 66.978683472
0.948808670 -0.019573610 0.315244287 1.696723938 0.017045077 0.999796689 0.010776134 -0.680870235 -0.315391093 -0.004851127 0.948949337 67.926887512
0.939133048 -0.023683071 0.342736185 2.046186447 0.020321116 0.999703825 0.013397541 -0.680701017 -0.342951924 -0.005617294 0.939336121 68.872871399
0.928082943 -0.026716463 0.371413797 2.412294388 0.023459475 0.999636531 0.013285493 -0.688779652 -0.371633738 -0.003616867 0.928372383 69.783065796
0.915903866 -0.025593637 0.400580853 2.802062988 0.023766501 0.999672115 0.009529703 -0.693776131 -0.400693357 0.000792111 0.916211843 70.678039551
0.902814507 -0.027351106 0.429159492 3.216762543 0.028231027 0.999592185 0.004316730 -0.701312661 -0.429102510 0.008218407 0.903218448 71.534332275
0.888536870 -0.029230241 0.457873017 3.660705566 0.031750184 0.999493420 0.002193228 -0.711315513 -0.457705140 0.012588790 0.889014959 72.384834290
0.872752070 -0.030219767 0.487227440 4.130325317 0.031423803 0.999489844 0.005704031 -0.723216057 -0.487151265 0.010332334 0.873256564 73.221015930
0.855086327 -0.028893797 0.517679870 4.616750717 0.027048912 0.999572396 0.011111649 -0.728783369 -0.517779529 0.004501260 0.855502248 74.037559509
0.835510552 -0.028804472 0.548718810 5.145311356 0.024843937 0.999584079 0.014643420 -0.730048776 -0.548912406 0.001397604 0.835878730 74.840141296
0.814189076 -0.023035940 0.580142498 5.679603577 0.021085681 0.999726653 0.010104250 -0.736629903 -0.580216646 0.004005928 0.814452350 75.608505249
0.792163789 -0.015885733 0.610101700 6.229656219 0.017911790 0.999835730 0.002776670 -0.739961028 -0.610045612 0.008728435 0.792318285 76.340042114
0.769792020 -0.013686575 0.638148010 6.825256348 0.017196998 0.999851942 0.000699583 -0.745748997 -0.638063073 0.010435698 0.769913375 77.051979065
0.746027827 -0.016009886 0.665722370 7.446731567 0.017843312 0.999832571 0.004049137 -0.753180742 -0.665675581 0.008857922 0.746188581 77.752418518
0.721665561 -0.016425241 0.692047000 8.077701569 0.018130234 0.999823987 0.004823927 -0.770174682 -0.692004442 0.009065712 0.721836329 78.410644531
0.696202040 -0.014197699 0.717705488 8.728904724 0.018607296 0.999825418 0.001728819 -0.775300980 -0.717604756 0.012150954 0.696344674 79.043121338
0.670005381 -0.012007667 0.742259085 9.407493591 0.018595748 0.999826849 -0.000611191 -0.783617616 -0.742123246 0.014212364 0.670112729 79.643928528
0.642728329 -0.009588006 0.766034126 10.100830078 0.016654328 0.999860287 -0.001458863 -0.796918988 -0.765913129 0.013695435 0.642798185 80.242614746
0.614616811 -0.008074985 0.788784504 10.819175720 0.016452830 0.999861300 -0.002584121 -0.810404778 -0.788654149 0.014565978 0.614664316 80.799751282
0.585847497 -0.001641901 0.810419619 11.546981812 0.015014071 0.999848306 -0.008827901 -0.825558484 -0.810282171 0.017339500 0.585783303 81.327781677
0.555272400 0.007885923 0.831631124 12.317527771 0.013707657 0.999732435 -0.018632416 -0.837671757 -0.831555486 0.021745782 0.555015683 81.871017456
0.524153948 0.016260803 0.851468146 13.091392517 0.012347524 0.999567509 -0.026690103 -0.862561584 -0.851533830 0.024503248 0.523726463 82.352210999
0.492413908 0.021348916 0.870099187 13.901832581 0.009714063 0.999502003 -0.030021433 -0.888973892 -0.870306849 0.023235174 0.491961420 82.819496155
0.460113674 0.020491568 0.887623489 14.739253998 0.008167396 0.999593556 -0.027310200 -0.921941519 -0.887822390 0.019815372 0.459759414 83.254219055
0.426576525 0.019513039 0.904240906 15.578639984 0.003494225 0.999724209 -0.023221921 -0.950389862 -0.904444695 0.013065547 0.426390648 83.661659241
0.392131329 0.020705329 0.919676185 16.448774338 -0.000951212 0.999755204 -0.022102633 -0.983630061 -0.919908762 0.007792324 0.392055035 84.039276123
0.356769890 0.023888459 0.933886766 17.313989639 -0.008009251 0.999714434 -0.022512557 -1.006525755 -0.934157968 0.000552069 0.356859356 84.391883850
0.321288973 0.025637813 0.946634054 18.207210541 -0.012928378 0.999658942 -0.022685986 -1.038092852 -0.946892917 -0.004949686 0.321510881 84.694664001
0.284542948 0.025225094 0.958331227 19.126483917 -0.015618947 0.999643028 -0.021674994 -1.062772989 -0.958536029 -0.008800659 0.284835398 84.996940613
0.248390049 0.024781685 0.968342960 20.059850693 -0.016344547 0.999637604 -0.021390026 -1.092020512 -0.968522131 -0.010514058 0.248704985 85.237266541
0.212623835 0.024402510 0.976829350 21.003454208 -0.015857328 0.999642611 -0.021520797 -1.117305994 -0.977005422 -0.010914069 0.212934807 85.440696716
0.176732123 0.023143366 0.983986795 21.965339661 -0.013890296 0.999682546 -0.021017723 -1.146066666 -0.984160960 -0.009953362 0.176997527 85.622116089
0.142519489 0.022177162 0.989543498 22.934150696 -0.005675402 0.999750733 -0.021588525 -1.174900055 -0.989775658 -0.002539274 0.142609850 85.741928101
0.108674139 0.025734203 0.993744135 23.892154694 -0.003633257 0.999668419 -0.025490293 -1.205435395 -0.994070709 -0.000840394 0.108731598 85.842895508
0.075756207 0.030507352 0.996659577 24.868541718 -0.002716283 0.999534428 -0.030388886 -1.243626118 -0.997122705 -0.000405062 0.075803794 85.929862976
0.046646476 0.034415204 0.998318434 25.844921112 0.004109509 0.999391198 -0.034644205 -1.278503180 -0.998902977 0.005718630 0.046476647 85.965400696
0.021644220 0.032760352 0.999228835 26.830997467 0.006105316 0.999440014 -0.032899521 -1.313697577 -0.999747097 0.006812692 0.021432091 85.973731995
-0.001172127 0.029548554 0.999562621 27.837463379 0.007537747 0.999535382 -0.029538900 -1.354728699 -0.999970913 0.007499828 -0.001394313 85.982803345
-0.020150745 0.027052565 0.999430835 28.827722549 0.007708375 0.999608397 -0.026901949 -1.389890671 -0.999767244 0.007161894 -0.020351388 85.963569641
-0.036592267 0.030270306 0.998871684 29.819627762 0.009629922 0.999505460 -0.029936727 -1.428491354 -0.999283850 0.008523604 -0.036865670 85.925468445
-0.050851457 0.034617011 0.998106062 30.820190430 0.012619237 0.999341547 -0.034016941 -1.462332487 -0.998626471 0.010865526 -0.051254813 85.865287781
-0.062966682 0.040019549 0.997212827 31.810165405 0.016667280 0.999098539 -0.039042804 -1.503108740 -0.997876465 0.014162431 -0.063576929 85.802925110
-0.071561188 0.043508779 0.996486723 32.807060242 0.022018172 0.998873591 -0.042031791 -1.549329162 -0.997193158 0.018932976 -0.072438553 85.720397949
-0.077752791 0.048838999 0.995775700 33.802036285 0.025666840 0.998566389 -0.046971750 -1.599636674 -0.996642113 0.021906229 -0.078894876 85.640876770
-0.081378229 0.053614054 0.995240211 34.796752930 0.027536778 0.998291850 -0.051526845 -1.655188799 -0.996302724 0.023212546 -0.082715601 85.558517456
-0.084311396 0.057625890 0.994771719 35.800674438 0.029438877 0.998034596 -0.055319823 -1.713419318 -0.996004462 0.024620872 -0.085842125 85.471038818
-0.087206349 0.060310431 0.994362891 36.795478821 0.029819056 0.997876465 -0.057908371 -1.778635144 -0.995743871 0.024600985 -0.088819548 85.386810303
-0.089010060 0.064228073 0.993957639 37.817546844 0.031327967 0.997605503 -0.061658334 -1.838080406 -0.995537996 0.025650460 -0.090809055 85.281227112
-0.090775616 0.068471804 0.993514597 38.825904846 0.032550331 0.997304440 -0.065758944 -1.901225328 -0.995339274 0.026369924 -0.092759699 85.180801392
-0.092990085 0.069452368 0.993241727 39.826782227 0.035374500 0.997164845 -0.066414833 -1.978095770 -0.995038390 0.028959509 -0.095183291 85.081596375
-0.095100537 0.068071730 0.993137479 40.843673706 0.035623983 0.997252882 -0.064942531 -2.052094221 -0.994829953 0.029203445 -0.097264275 84.984146118
-0.097585641 0.067954302 0.992904365 41.866054535 0.034417331 0.997299910 -0.064872473 -2.121253252 -0.994631886 0.027842499 -0.099660948 84.889778137
-0.100077376 0.068981908 0.992585421 42.889598846 0.034342166 0.997238994 -0.065842755 -2.196672201 -0.994386792 0.027498161 -0.102170035 84.792877197
-0.102219060 0.071257867 0.992206395 43.896621704 0.034014836 0.997098148 -0.068104900 -2.274240971 -0.994180143 0.026788125 -0.104346253 84.681976318
-0.104680441 0.073173515 0.991810322 44.927967072 0.032415405 0.997010648 -0.070135891 -2.358389854 -0.993977368 0.024808077 -0.106739476 84.571411133
-0.107228756 0.076883301 0.991257310 45.949455261 0.029723264 0.996807933 -0.074098475 -2.433142900 -0.993789911 0.021517910 -0.109171711 84.468345642
-0.109895073 0.081260577 0.990615964 46.987854004 0.026135951 0.996544063 -0.078847423 -2.510630608 -0.993599474 0.017225740 -0.111639120 84.367332458
-0.112236761 0.083590016 0.990159392 48.025588989 0.023847215 0.996395111 -0.081413299 -2.597042084 -0.993395209 0.014474976 -0.113825560 84.242141724
-0.115193553 0.082016781 0.989951432 49.078441620 0.021772385 0.996554673 -0.080030344 -2.686171055 -0.993104339 0.012334620 -0.116582379 84.124061584
-0.117797188 0.077887006 0.989978552 50.125308990 0.018993156 0.996913791 -0.076172657 -2.772375584 -0.992855966 0.009829888 -0.118912958 83.999694824
-0.120444000 0.076370277 0.989778161 51.177894592 0.019337980 0.997027934 -0.074576437 -2.858627319 -0.992531717 0.010158023 -0.121562861 83.876365662
-0.122343615 0.076600388 0.989527345 52.213516235 0.018775985 0.997017443 -0.074858777 -2.946340799 -0.992310286 0.009420857 -0.123416938 83.756896973
-0.123736016 0.079675354 0.989111245 53.266067505 0.019701131 0.996772230 -0.077827878 -3.027133942 -0.992119551 0.009856500 -0.124906287 83.630142212
-0.124271244 0.082432993 0.988818109 54.318439484 0.020360610 0.996545076 -0.080518298 -3.113586187 -0.992039263 0.010126830 -0.125520274 83.493667603
-0.124689363 0.083089694 0.988710523 55.371223450 0.019277824 0.996502161 -0.081313290 -3.206883907 -0.992008448 0.008921288 -0.125854984 83.366371155
-0.124578096 0.081554338 0.988852441 56.430263519 0.016438296 0.996649206 -0.080126435 -3.298149824 -0.992073596 0.006273048 -0.125501275 83.234542847
-0.125030667 0.080817521 0.988855839 57.498481750 0.012278091 0.996726632 -0.079908349 -3.391585350 -0.992076874 0.002150268 -0.125613689 83.115036011
-0.124998890 0.081882365 0.988772213 58.564228058 0.008539130 0.996640623 -0.081454441 -3.483312130 -0.992120087 -0.001738462 -0.125278160 82.989807129
-0.124985181 0.082461499 0.988725960 59.651931763 0.004706986 0.996578276 -0.082521409 -3.571477652 -0.992147446 -0.005660032 -0.124945663 82.854324341
-0.125160292 0.081586964 0.988776207 60.730556488 0.001682697 0.996629119 -0.082021937 -3.671653032 -0.992135048 -0.008602080 -0.124875687 82.724960327
-0.125757396 0.076530188 0.989104807 61.818302155 0.001765803 0.997035801 -0.076919295 -3.760585308 -0.992059410 -0.007926608 -0.125519738 82.596588135
-0.125837892 0.068256736 0.989699960 62.912284851 0.004661839 0.997659862 -0.068212971 -3.843720913 -0.992039859 -0.003969957 -0.125861585 82.459716797
-0.125658080 0.062638141 0.990094185 64.005104065 0.010519579 0.998032808 -0.061805282 -3.929808140 -0.992017925 0.002649040 -0.126069814 82.316505432
-0.125291690 0.065119438 0.989980459 65.102218628 0.018643847 0.997821927 -0.063275672 -4.004032135 -0.991944790 0.010529126 -0.126232862 82.174125671
-0.123497725 0.070896186 0.989809096 66.200363159 0.024734112 0.997354686 -0.068350591 -4.079118729 -0.992036521 0.016040906 -0.124924593 82.018394470
-0.122713216 0.076169625 0.989514887 67.291442871 0.028462006 0.996910334 -0.073209241 -4.168371677 -0.992033899 0.019179838 -0.124502033 81.886421204
-0.122179382 0.080723830 0.989219785 68.404357910 0.029241059 0.996547103 -0.077710159 -4.253625870 -0.992077112 0.019431250 -0.124117956 81.745735168
-0.122196972 0.078048557 0.989432275 69.521598816 0.025685169 0.996818125 -0.075458981 -4.338193893 -0.992173433 0.016192876 -0.123812832 81.618164062
-0.121300563 0.073466495 0.989893317 70.645660400 0.025704648 0.997155368 -0.070855618 -4.430292130 -0.992282867 0.016850032 -0.122843944 81.470291138
-0.121019684 0.071439989 0.990076005 71.772308350 0.023484258 0.997333825 -0.069093123 -4.515954971 -0.992372215 0.014889573 -0.122374736 81.341262817
-0.121151626 0.072144590 0.990008712 72.896354675 0.021104345 0.997317076 -0.070094563 -4.597392082 -0.992409587 0.012401417 -0.122349165 81.208114624
-0.120972365 0.077199921 0.989649296 74.032814026 0.022162417 0.996932864 -0.075059012 -4.687142849 -0.992408454 0.012852954 -0.122312248 81.071769714
-0.120221987 0.079933770 0.989523768 75.156768799 0.021648834 0.996727288 -0.077885456 -4.775687218 -0.992510855 0.012058496 -0.121559002 80.936309814
-0.119333297 0.078634202 0.989735425 76.304908752 0.022009298 0.996823370 -0.076543652 -4.868043900 -0.992610157 0.012649177 -0.120684892 80.792655945
-0.119077563 0.072077826 0.990265369 77.459335327 0.023480598 0.997287035 -0.069765426 -4.960288048 -0.992607236 0.014944518 -0.120446920 80.656784058
-0.120096348 0.070526592 0.990253866 78.607551575 0.022463653 0.997411072 -0.068311982 -5.047420502 -0.992507935 0.014040702 -0.121369705 80.530380249
-0.119574212 0.073354170 0.990111649 79.767547607 0.020204214 0.997240126 -0.071442246 -5.136899471 -0.992619634 0.011461775 -0.120726250 80.395042419
-0.119725518 0.076467372 0.989857793 80.916793823 0.019407511 0.997019172 -0.074673206 -5.223516464 -0.992617309 0.010270384 -0.120852679 80.269348145
-0.119316086 0.076060548 0.989938557 82.100929260 0.018406456 0.997059464 -0.074389175 -5.311708927 -0.992685616 0.009345435 -0.120365217 80.125335693
-0.118627146 0.072948352 0.990255535 83.292137146 0.018014448 0.997291684 -0.071308628 -5.398485661 -0.992775381 0.009379766 -0.119619966 79.975784302
-0.118171804 0.071466841 0.990417957 84.471420288 0.018376816 0.997393310 -0.069777541 -5.494523048 -0.992823005 0.009954995 -0.119177088 79.842918396
-0.116885915 0.071836643 0.990543783 85.656860352 0.019895868 0.997349799 -0.069982477 -5.585985184 -0.992946029 0.011527765 -0.118005395 79.703460693
-0.115865968 0.072075807 0.990646482 86.846534729 0.022494189 0.997298241 -0.069928855 -5.675072193 -0.993010044 0.014181406 -0.117174238 79.556015015
-0.115033232 0.071223430 0.990805089 88.040222168 0.022087811 0.997363150 -0.069130428 -5.765903473 -0.993116021 0.013932416 -0.116303064 79.421234131
-0.113274276 0.072134793 0.990941703 89.236679077 0.023170779 0.997281492 -0.069947653 -5.853296280 -0.993293524 0.015037620 -0.114637755 79.278327942
-0.111773141 0.070764981 0.991210878 90.438278198 0.023045363 0.997377455 -0.068606555 -5.937115669 -0.993466437 0.015174446 -0.113110833 79.141677856
-0.111218572 0.069636285 0.991353214 91.644210815 0.021907443 0.997471333 -0.067608275 -6.027943611 -0.993554413 0.014198718 -0.112462893 79.016265869
-0.109747991 0.068885647 0.991569519 92.849800110 0.023132833 0.997502327 -0.066737436 -6.115524769 -0.993690193 0.015613508 -0.111067392 78.885772705
-0.107894622 0.069695055 0.991716325 94.079154968 0.021349128 0.997471988 -0.067776844 -6.206896782 -0.993933022 0.013859527 -0.109109782 78.749496460
-0.107188590 0.072446793 0.991595745 95.300674438 0.021133393 0.997282326 -0.070577800 -6.292689323 -0.994014084 0.013390645 -0.108428329 78.629547119
-0.105557613 0.071432501 0.991844177 96.526031494 0.019306272 0.997375727 -0.069776200 -6.382843018 -0.994225740 0.011783403 -0.106659696 78.498641968
-0.105208762 0.070232652 0.991967022 97.757575989 0.015876954 0.997494459 -0.068940081 -6.473752975 -0.994323492 0.008496311 -0.106060237 78.377174377
-0.105185300 0.071269691 0.991895497 98.993072510 0.012868213 0.997442544 -0.070303664 -6.563807011 -0.994369388 0.005369009 -0.105833411 78.257247925
-0.105311498 0.070496805 0.991937339 100.228080750 0.010256614 0.997508049 -0.069803797 -6.656517506 -0.994386375 0.002822772 -0.105772115 78.123855591
-0.106346048 0.067961998 0.992003858 101.473236084 0.007462401 0.997687995 -0.067551404 -6.747314930 -0.994301140 0.000218906 -0.106607310 77.996841431
-0.107410207 0.066472612 0.991990149 102.715621948 0.005280430 0.997786462 -0.066289268 -6.840900421 -0.994200647 -0.001882009 -0.107523464 77.867950439
-0.109070137 0.065440737 0.991877615 103.978797913 0.003201412 0.997848570 -0.065482624 -6.933925629 -0.994028926 -0.003966792 -0.109044984 77.735496521
-0.110748254 0.065559737 0.991683722 105.228134155 0.003213319 0.997840285 -0.065607898 -7.024684906 -0.993843257 -0.004079363 -0.110719718 77.602752686
-0.112831585 0.064096197 0.991544545 106.480407715 0.002526240 0.997932434 -0.064221665 -7.116066933 -0.993610859 -0.004741352 -0.112760209 77.460670471
-0.116372660 0.059390359 0.991428316 107.758041382 -0.000670076 0.998205662 -0.059875011 -7.200053692 -0.993205369 -0.007632146 -0.116124049 77.330619812
-0.120940022 0.059222553 0.990891576 109.013374329 -0.001563200 0.998206139 -0.059850518 -7.284111977 -0.992658496 -0.008787285 -0.120630495 77.188346863
-0.126050860 0.065464139 0.989861488 110.247589111 -0.005916906 0.997752845 -0.066739507 -7.369561672 -0.992006123 -0.014269490 -0.125380293 77.032997131
-0.133326858 0.068314269 0.988714874 111.472862244 -0.005289540 0.997558236 -0.069638588 -7.459964275 -0.991057992 -0.014514540 -0.132639945 76.880981445
-0.141571134 0.064185023 0.987845182 112.707817078 -0.003397153 0.997858346 -0.065322503 -7.555138588 -0.989922225 -0.012603642 -0.141049907 76.699821472
-0.152793407 0.062201098 0.986298621 113.936294556 -0.000982068 0.998007178 -0.063091636 -7.645864964 -0.988257706 -0.010608600 -0.152427837 76.517799377
-0.165672585 0.063214824 0.984152615 115.159194946 -0.000744653 0.997935116 -0.064225465 -7.734057903 -0.986180484 -0.011373251 -0.165283442 76.316253662
-0.179638684 0.063482746 0.981682003 116.381172180 0.001599705 0.997933209 -0.064240910 -7.822896481 -0.983731389 -0.009969750 -0.179368928 76.094917297
-0.194423944 0.061375342 0.978995562 117.591018677 0.001607483 0.998059213 -0.062251247 -7.911289692 -0.980916262 -0.010529411 -0.194145232 75.870101929
-0.209758073 0.063887961 0.975663781 118.788040161 0.005791472 0.997926593 -0.064100660 -8.001203537 -0.977736115 -0.007795102 -0.209693179 75.614624023
-0.225264326 0.066816173 0.972003818 119.972564697 0.006049185 0.997722328 -0.067182168 -8.093869209 -0.974278927 -0.009253915 -0.225155413 75.350822449
-0.239850238 0.071083859 0.968203962 121.143310547 0.006138799 0.997406781 -0.071707144 -8.181857109 -0.970790505 -0.011255366 -0.239664599 75.057113647
-0.255845010 0.068903752 0.964259028 122.318885803 0.002537000 0.997501075 -0.070606001 -8.276714325 -0.966714442 -0.015617870 -0.255380481 74.758415222
-0.271892220 0.063046917 0.960260153 123.487426758 -0.003385887 0.997782707 -0.066469185 -8.371813774 -0.962321699 -0.021323791 -0.271075845 74.444366455
-0.287831426 0.059101947 0.955855548 124.663642883 -0.007309942 0.997929156 -0.063904621 -8.459405899 -0.957653046 -0.025381006 -0.286803454 74.117065430
-0.303078771 0.060716119 0.951029301 125.807113647 -0.009185676 0.997735739 -0.066625312 -8.545328140 -0.952921212 -0.028928567 -0.301834881 73.769958496
-0.317067772 0.062514082 0.946340263 126.952224731 -0.009336149 0.997571290 -0.069026373 -8.635643959 -0.948356926 -0.030721217 -0.315714002 73.390640259
-0.331007302 0.064777754 0.941402137 128.088287354 -0.007798563 0.997419119 -0.071374342 -8.728355408 -0.943595886 -0.030967016 -0.329647809 73.002250671
-0.345685661 0.064572133 0.936125994 129.219131470 -0.005914176 0.997459710 -0.070986770 -8.822889328 -0.938331723 -0.030075518 -0.344425589 72.604408264
-0.359331071 0.062233552 0.931132734 130.347671509 -0.006082890 0.997596502 -0.069023199 -8.926687241 -0.933190286 -0.030466149 -0.358088851 72.175567627
-0.373854011 0.061024051 0.925477803 131.466552734 -0.006332412 0.997641861 -0.068340428 -9.018674850 -0.927465975 -0.031409845 -0.372586012 71.729835510
-0.388559490 0.062104747 0.919328213 132.561111450 -0.007665541 0.997473538 -0.070623696 -9.116637230 -0.921391726 -0.034488656 -0.387101710 71.283004761
-0.403538883 0.064442798 0.912690163 133.650451660 -0.006624584 0.997284591 -0.073344812 -9.206096649 -0.914938509 -0.035643674 -0.402016193 70.812515259
-0.418039858 0.066144705 0.906017363 134.750946045 -0.005429827 0.997146010 -0.075302981 -9.304153442 -0.908412397 -0.036399167 -0.416487604 70.313842773
-0.432635128 0.068691872 0.898948371 135.828491211 -0.002140234 0.997012138 -0.077215306 -9.406185150 -0.901566386 -0.035330009 -0.431195557 69.801803589
-0.447546124 0.071958296 0.891360939 136.909454346 -0.002819594 0.996638954 -0.081872910 -9.505645752 -0.894256413 -0.039155189 -0.445838988 69.276931763
-0.462322116 0.074267045 0.883596361 137.973022461 -0.001803864 0.996405602 -0.084692553 -9.606876373 -0.886710227 -0.040749136 -0.460526377 68.725761414
-0.477785885 0.071576156 0.875555515 139.050262451 -0.003055592 0.996533751 -0.083133474 -9.712282181 -0.878470957 -0.042395335 -0.475910991 68.157546997
-0.494306833 0.066682391 0.866726100 140.118240356 -0.006255407 0.996754944 -0.080253810 -9.821660042 -0.869264960 -0.045091730 -0.492285550 67.574813843
-0.509977520 0.067168191 0.857561290 141.191528320 -0.006414153 0.996622026 -0.081874475 -9.922583580 -0.860163748 -0.047254674 -0.507824004 66.951263428
-0.525801778 0.066330336 0.848017097 142.238922119 -0.007522114 0.996553361 -0.082612567 -10.025279999 -0.850573838 -0.049816713 -0.523490489 66.315979004
-0.541801155 0.065208055 0.837973475 143.285461426 -0.008233328 0.996526361 -0.082869425 -10.127363205 -0.840466499 -0.051798049 -0.539382219 65.658538818
-0.557341576 0.064793587 0.827751398 144.316192627 -0.009399138 0.996394098 -0.084323011 -10.235563278 -0.830230117 -0.054776855 -0.554722846 64.978965759
-0.572759151 0.063973539 0.817223549 145.349639893 -0.009935193 0.996335030 -0.084957831 -10.346727371 -0.819663525 -0.056779653 -0.570024431 64.275146484
-0.587785363 0.061418857 0.806682110 146.360229492 -0.009967004 0.996488690 -0.083132669 -10.455293655 -0.808955491 -0.056904376 -0.585109353 63.551113129
-0.602702141 0.058011502 0.795854688 147.370574951 -0.010058134 0.996722341 -0.080270179 -10.560888290 -0.797902822 -0.056383826 -0.600143254 62.796939850
-0.617369175 0.056424301 0.784647346 148.358352661 -0.009041486 0.996849656 -0.078797787 -10.668781281 -0.786621571 -0.055741701 -0.614914000 62.025821686
-0.631680965 0.055211980 0.773259878 149.328643799 -0.009471186 0.996836603 -0.078912787 -10.770925522 -0.775170565 -0.057171389 -0.629159689 61.236816406
-0.646943808 0.055817749 0.760491967 150.297698975 -0.010733341 0.996551931 -0.082274564 -10.887636185 -0.762462139 -0.061389651 -0.644113958 60.445812225
-0.662229598 0.055176437 0.747266710 151.250305176 -0.012842326 0.996302843 -0.084945582 -10.996659279 -0.749190867 -0.065850124 -0.659072697 59.626159668
-0.678105116 0.051802352 0.733137131 152.195526123 -0.014607591 0.996366084 -0.083912790 -11.111279488 -0.734819770 -0.067611046 -0.674884140 58.781417847
-0.694225550 0.044491995 0.718381047 153.126037598 -0.017910112 0.996710658 -0.079037875 -11.220908165 -0.719534636 -0.067736410 -0.691145182 57.912620544
-0.711080730 0.041847132 0.701864004 154.042709351 -0.018783174 0.996740401 -0.078458339 -11.330341339 -0.702859402 -0.068973452 -0.707976878 57.011493683
-0.728421509 0.039374743 0.683996975 154.932952881 -0.020491334 0.996648490 -0.079194978 -11.433744431 -0.684822798 -0.071703315 -0.725173354 56.091964722
-0.745927334 0.035449259 0.665083230 155.811676025 -0.023724275 0.996534646 -0.079723850 -11.540367126 -0.665604651 -0.075246818 -0.742501378 55.152431488
-0.762282550 0.034048848 0.646348059 156.658248901 -0.022815481 0.996581197 -0.079406552 -11.647148132 -0.646842062 -0.075276963 -0.758899570 54.176647186
-0.778339088 0.035333838 0.626849234 157.480133057 -0.021261681 0.996359110 -0.082562096 -11.765723228 -0.627484202 -0.077589162 -0.774753809 53.186458588
-0.793554604 0.034678880 0.607510030 158.280151367 -0.018058453 0.996592760 -0.080477826 -11.875034332 -0.608230948 -0.074834250 -0.790224493 52.173439026
-0.807776213 0.036265668 0.588372886 159.052200317 -0.013637252 0.996689081 -0.080155708 -11.992868423 -0.589331746 -0.072771654 -0.804606974 51.122760773
-0.822095335 0.037249114 0.568130195 159.794662476 -0.011881269 0.996517837 -0.082528524 -12.110347748 -0.569225907 -0.074596420 -0.818790019 50.069900513
-0.835795581 0.038370550 0.547698259 160.523315430 -0.011428728 0.996122956 -0.087226637 -12.225147247 -0.548921764 -0.079163127 -0.832116604 48.999561310
-0.848692775 0.038719054 0.527466834 161.219924927 -0.008810053 0.996143222 -0.087297924 -12.342124939 -0.528812647 -0.078736112 -0.845078468 47.904560089
-0.860263765 0.036780871 0.508520901 161.879638672 -0.007419355 0.996385753 -0.084619045 -12.466188431 -0.509795308 -0.076567575 -0.856881618 46.799915314
-0.870868802 0.038417827 0.490011841 162.522232056 -0.004611042 0.996258259 -0.086303391 -12.584228516 -0.491493911 -0.077418394 -0.867433012 45.687973022
-0.880087078 0.041300707 0.473012507 163.132446289 -0.001699865 0.995929360 -0.090121523 -12.705174446 -0.474809110 -0.080118865 -0.876434386 44.556991577
-0.889069378 0.038936600 0.456113458 163.730590820 -0.003440516 0.995779574 -0.091712125 -12.827755928 -0.457759410 -0.083107717 -0.885183215 43.426841736
-0.897252321 0.036310248 0.440022498 164.310867310 -0.004253091 0.995855689 -0.090849586 -12.956665039 -0.441497564 -0.083386466 -0.893379211 42.284366608
-0.904352307 0.034299165 0.425406158 164.870254517 -0.005199626 0.995805919 -0.091342382 -13.079826355 -0.426754922 -0.084817648 -0.900381088 41.123359680
-0.910906792 0.032485362 0.411331236 165.410461426 -0.005424345 0.995866954 -0.090662114 -13.210664749 -0.412576407 -0.084815942 -0.906965733 39.951507568
-0.917087376 0.029976007 0.397557527 165.932174683 -0.006420644 0.995929718 -0.089904688 -13.336671829 -0.398634285 -0.085003041 -0.913162172 38.776748657
-0.922645867 0.025197672 0.384823978 166.442291260 -0.008806492 0.996226490 -0.086345598 -13.458219528 -0.385547459 -0.083055377 -0.918942392 37.581123352
-0.927742839 0.021837985 0.372580588 166.938476562 -0.009933425 0.996488273 -0.083141655 -13.576596260 -0.373087823 -0.080835074 -0.924267888 36.388465881
-0.932037473 0.022285542 0.361675888 167.415878296 -0.007150471 0.996781588 -0.079845868 -13.692443848 -0.362291306 -0.077005498 -0.928878427 35.183982849
-0.935208857 0.026290273 0.353119045 167.873107910 -0.002729874 0.996675074 -0.081433907 -13.807353973 -0.354085803 -0.077121682 -0.932027638 33.991592407
-0.937562048 0.031347010 0.346402407 168.330169678 0.002596039 0.996533453 -0.083152980 -13.919732094 -0.347808152 -0.077061810 -0.934393346 32.773071289
-0.939354002 0.034464203 0.341212660 168.763305664 0.005582453 0.996342540 -0.085267209 -14.039368629 -0.342903286 -0.078191295 -0.936110795 31.578094482
-0.941253781 0.031645749 0.336214036 169.213058472 0.003380007 0.996432602 -0.084325470 -14.155116081 -0.337683171 -0.078235269 -0.938002706 30.362369537
-0.943015218 0.024466608 0.331848979 169.652969360 -0.002540942 0.996734738 -0.080707967 -14.271026611 -0.332739979 -0.076952070 -0.939873636 29.150751114
-0.944937825 0.018121053 0.326747686 170.094604492 -0.008066379 0.996872663 -0.078612961 -14.383669853 -0.327150404 -0.076920033 -0.941836417 27.938001633
-0.946447670 0.011217776 0.322662205 170.522064209 -0.015380383 0.996695101 -0.079765864 -14.495109558 -0.322490603 -0.080456875 -0.943147063 26.725526810
-0.947836339 0.009197283 0.318624735 170.950973511 -0.018140513 0.996407211 -0.082725711 -14.603601456 -0.318240970 -0.084190466 -0.944263995 25.516174316
-0.948661506 0.008993897 0.316165060 171.368743896 -0.018961487 0.996180654 -0.085232608 -14.716691971 -0.315724134 -0.086851858 -0.944867671 24.309009552
-0.948865056 0.010430845 0.315509677 171.779312134 -0.017927608 0.996060371 -0.086845621 -14.839794159 -0.315172553 -0.088061087 -0.944939911 23.096265793
-0.948726177 0.012986924 0.315832108 172.186294556 -0.015772825 0.995965958 -0.088333741 -14.962236404 -0.315705210 -0.088786095 -0.944694221 21.888694763
-0.948307395 0.014054648 0.317041725 172.597991943 -0.015406680 0.995801985 -0.090227619 -15.082721710 -0.316978842 -0.090448096 -0.944109857 20.669689178
-0.947968125 0.015241987 0.317999989 173.012115479 -0.014736819 0.995681703 -0.091654740 -15.211990356 -0.318023831 -0.091572076 -0.943650007 19.465301514
-0.947204947 0.016737130 0.320191681 173.423751831 -0.013404844 0.995696247 -0.091702059 -15.332821846 -0.320348442 -0.091152750 -0.942903996 18.256164551
-0.946456134 0.016192125 0.322426379 173.843368530 -0.014265634 0.995668113 -0.091877654 -15.460937500 -0.322517365 -0.091557764 -0.942125082 17.043544769
-0.945244491 0.014755250 0.326029092 174.264572144 -0.016200522 0.995624542 -0.092029057 -15.586207390 -0.325960398 -0.092271820 -0.940869689 15.863178253
-0.943699718 0.013569096 0.330524743 174.694961548 -0.016882710 0.995880842 -0.089086868 -15.715761185 -0.330372006 -0.089651413 -0.939583302 14.669464111
-0.941679597 0.010950296 0.336332470 175.129791260 -0.019309033 0.996065438 -0.086492188 -15.838881493 -0.335956275 -0.087942190 -0.937762976 13.476367950
-0.939471722 0.008793810 0.342513561 175.577682495 -0.020994522 0.996314645 -0.083165042 -15.961019516 -0.341982633 -0.085322127 -0.935824752 12.298625946
-0.936649024 0.010398692 0.350114912 176.013366699 -0.020208564 0.996289968 -0.083653815 -16.069959641 -0.349685818 -0.085429579 -0.932963789 11.122360229
-0.933591902 0.010679505 0.358178973 176.469360352 -0.020588951 0.996305883 -0.083370976 -16.188127518 -0.357746214 -0.085208990 -0.929923117 9.964504242
-0.929730296 0.014007440 0.367974788 176.932876587 -0.018886290 0.996147335 -0.085637994 -16.306909561 -0.367756605 -0.086569928 -0.925883710 8.789936066
-0.925607860 0.015143392 0.378180921 177.404403687 -0.018255996 0.996249914 -0.084574580 -16.417144775 -0.378043413 -0.085186951 -0.921860278 7.655639648
-0.920559466 0.017549565 0.390207797 177.890716553 -0.017384857 0.996159315 -0.085815720 -16.534414291 -0.390215158 -0.085782193 -0.916718781 6.489318848
-0.915061772 0.019434420 0.402845323 178.401916504 -0.017097093 0.996071219 -0.086889341 -16.650154114 -0.402951330 -0.086396590 -0.911134303 5.352279663
-0.908959031 0.021396056 0.416335940 178.926651001 -0.016232612 0.996108234 -0.086630911 -16.770301819 -0.416569293 -0.085502170 -0.905074239 4.199157715
-0.903090656 0.020298939 0.428969771 179.479431152 -0.017191093 0.996372819 -0.083340198 -16.892871857 -0.429105580 -0.082638212 -0.899466157 3.063209534
-0.896234095 0.024180340 0.442921937 180.036529541 -0.014689804 0.996347547 -0.084117591 -17.004087448 -0.443338156 -0.081895478 -0.892605364 1.912826538
-0.889162779 0.026610972 0.456816614 180.599349976 -0.012634533 0.996499240 -0.082641423 -17.121419907 -0.457416564 -0.079253316 -0.885713816 0.792388916
-0.881979048 0.028063532 0.470452160 181.192474365 -0.011230258 0.996690691 -0.080508702 -17.234197617 -0.471154720 -0.076290302 -0.878745019 -0.316886902
-0.874510586 0.029756796 0.484092653 181.799331665 -0.008938221 0.996957839 -0.077429041 -17.346548080 -0.484923989 -0.072039448 -0.871584117 -1.406127930
-0.866163969 0.032936785 0.498673260 182.399826050 -0.005563183 0.997128725 -0.075522058 -17.454864502 -0.499728858 -0.068188705 -0.863493621 -2.469711304
-0.857387781 0.036073856 0.513405263 183.034942627 -0.002544711 0.997231245 -0.074319020 -17.557928085 -0.514664650 -0.065026686 -0.854921997 -3.516761780
-0.846938789 0.038776979 0.530274451 183.672485352 -0.000009934 0.997335732 -0.072947294 -17.663976669 -0.531690300 -0.061787158 -0.844681978 -4.554222107
-0.836063743 0.041796934 0.547037840 184.330230713 0.003012380 0.997428477 -0.071605481 -17.767534256 -0.548623979 -0.058218863 -0.834039748 -5.572250366
-0.824914932 0.043541774 0.563577175 185.011047363 0.004475619 0.997500539 -0.070515528 -17.869350433 -0.565238953 -0.055646963 -0.823048115 -6.572654724
-0.813165069 0.045678508 0.580237925 185.712188721 0.005971537 0.997517884 -0.070159629 -17.968341827 -0.582002521 -0.053586457 -0.811419487 -7.558502197
-0.800809681 0.047849771 0.597004294 186.436386108 0.007490289 0.997525632 -0.069904141 -18.064022064 -0.598872006 -0.051508181 -0.799186528 -8.525672913
-0.787018955 0.049032237 0.614977181 187.185424805 0.008766480 0.997624815 -0.068321861 -18.150573730 -0.616866410 -0.048379421 -0.785579443 -9.494476318
-0.771737218 0.050864358 0.633904040 187.952606201 0.010792349 0.997700214 -0.066916309 -18.242824554 -0.635849833 -0.044800494 -0.770511389 -10.440711975
