0.999987125 0.005069138 0.000199274 -0.000965894 -0.005069547 0.999984920 0.002108963 -0.000480767 -0.000188581 -0.002109946 0.999997735 0.054759022
0.999980628 0.006180688 0.000763758 -0.001555176 -0.006182141 0.999979198 0.001915502 -0.000650122 -0.000751902 -0.001920187 0.999997854 0.081038766
0.999965787 0.008233481 0.000723865 -0.001981883 -0.008234612 0.999964833 0.001574458 -0.000774835 -0.000710876 -0.001580365 0.999998510 0.107316367
0.999964356 0.008338435 0.001294113 -0.002416251 -0.008340190 0.999964237 0.001357033 -0.000886301 -0.001282751 -0.001367778 0.999998271 0.132885069
0.999963164 0.008463270 0.001438807 -0.002488677 -0.008466294 0.999961913 0.002109180 -0.000938121 -0.001420901 -0.002121284 0.999996722 0.158120751
0.999947965 0.009813075 0.002808831 -0.003791075 -0.009827170 0.999938905 0.005049312 -0.000972341 -0.002759110 -0.005076651 0.999983311 0.182120472
0.999952912 0.009072226 0.003453506 -0.003224629 -0.009103793 0.999915898 0.009237198 -0.001239598 -0.003369414 -0.009268201 0.999951363 0.205128640
0.999956548 0.008274948 0.004308522 -0.003202238 -0.008329696 0.999882758 0.012848151 -0.001327329 -0.004201700 -0.012883479 0.999908149 0.227835625
0.999953926 0.007714172 0.005713183 -0.003401987 -0.007797742 0.999860764 0.014752704 -0.001056068 -0.005598583 -0.014796572 0.999874830 0.249308765
0.999939203 0.008530627 0.006990237 -0.003776096 -0.008633065 0.999853849 0.014757620 -0.001109865 -0.006863323 -0.014817068 0.999866664 0.270128727
0.999928117 0.008958292 0.007982074 -0.003721947 -0.009054498 0.999885798 0.012099071 -0.001082495 -0.007872777 -0.012170472 0.999894917 0.289541870
0.999920189 0.008950976 0.008908448 -0.003798801 -0.009032425 0.999917448 0.009145232 -0.000936717 -0.008825853 -0.009224968 0.999918520 0.308386773
0.999917865 0.007224027 0.010588408 -0.003779520 -0.007305450 0.999943912 0.007671315 -0.000922343 -0.010532397 -0.007748038 0.999914467 0.325795263
0.999914289 0.003526873 0.012610633 -0.003740750 -0.003600023 0.999976814 0.005782650 -0.001158796 -0.012589945 -0.005827552 0.999903798 0.342634231
0.999894261 0.001566207 0.014455653 -0.003579657 -0.001628558 0.999989390 0.004302497 -0.000955144 -0.014448763 -0.004325584 0.999886215 0.358018339
0.999850631 0.006101645 0.016173571 -0.003618878 -0.006142002 0.999978125 0.002446739 -0.001184343 -0.016158290 -0.002545711 0.999866188 0.372380733
0.999755204 0.010414485 0.019527325 -0.003877562 -0.010453356 0.999943554 0.001889689 -0.001447189 -0.019506542 -0.002093352 0.999807537 0.385737985
0.999691725 0.011012821 0.022255117 -0.003406282 -0.011072092 0.999935448 0.002541824 -0.001262118 -0.022225689 -0.002787451 0.999749064 0.398288697
0.999640524 0.006798105 0.025934573 -0.003266520 -0.006883712 0.999971151 0.003212975 -0.001416203 -0.025911985 -0.003390346 0.999658465 0.409587502
0.999606550 0.002187780 0.027962942 -0.002413959 -0.002267940 0.999993443 0.002835305 -0.001289014 -0.027956551 -0.002897608 0.999604881 0.419910073
0.999526381 -0.001149470 0.030749366 -0.002346259 0.001017328 0.999990165 0.004312688 -0.001402803 -0.030754019 -0.004279363 0.999517798 0.428822905
0.999432623 -0.001691542 0.033636555 -0.002121918 0.001505716 0.999983430 0.005549083 -0.001629899 -0.033645380 -0.005495287 0.999418676 0.437210917
0.999377608 -0.000746839 0.035266984 -0.001814540 0.000587469 0.999989569 0.004529106 -0.001613293 -0.035270005 -0.004505568 0.999367595 0.444329679
0.999301016 0.000057874 0.037380911 -0.001703544 -0.000177922 0.999994814 0.003208152 -0.001678393 -0.037380531 -0.003212561 0.999295890 0.450788409
0.999195397 0.002414467 0.040033028 -0.001567300 -0.002508892 0.999994159 0.002308623 -0.001760827 -0.040027220 -0.002407204 0.999195635 0.456887335
0.999118090 0.005587520 0.041614942 -0.001388354 -0.005656748 0.999982774 0.001545983 -0.001819331 -0.041605588 -0.001780024 0.999132514 0.462904096
0.999055088 0.006354059 0.042993829 -0.001377827 -0.006386663 0.999979436 0.000621025 -0.002161893 -0.042988986 -0.000895025 0.999075174 0.468347162
0.998977602 0.005600177 0.044858433 -0.001073236 -0.005556250 0.999983966 -0.001103861 -0.002239543 -0.044863887 0.000853489 0.998992801 0.473740608
0.998926342 0.004401387 0.046117578 -0.000535913 -0.004270363 0.999986589 -0.002939225 -0.002059328 -0.046129890 0.002739131 0.998931646 0.478934497
0.998865187 0.003877363 0.047468353 -0.000281140 -0.003683792 0.999984622 -0.004164703 -0.002012299 -0.047483765 0.003985113 0.998863995 0.483700067
0.998804688 0.004608844 0.048661463 0.000026416 -0.004340485 0.999974787 -0.005619060 -0.002034054 -0.048686132 0.005401129 0.998799503 0.488548994
0.998717785 0.005515919 0.050322428 -0.000120774 -0.005147762 0.999959052 -0.007442634 -0.002115208 -0.050361428 0.007174042 0.998705268 0.492684811
0.998675942 0.005558594 0.051141001 0.000236996 -0.005075876 0.999941468 -0.009563988 -0.002213437 -0.051191170 0.009291738 0.998645723 0.497047275
0.998641610 0.004551392 0.051905397 0.000453375 -0.003954054 0.999924779 -0.011605095 -0.002379076 -0.051954322 0.011384093 0.998584569 0.501464128
0.998661935 0.003618673 0.051586699 0.000544503 -0.002923405 0.999903977 -0.013546743 -0.002423229 -0.051630776 0.013377811 0.998576522 0.505925655
0.998751938 0.002879339 0.049862180 0.000510553 -0.002162507 0.999893725 -0.014424222 -0.002602547 -0.049898412 0.014298393 0.998651803 0.510002851
0.998898089 0.003040365 0.046832502 0.000519147 -0.002325354 0.999880075 -0.015314314 -0.002658575 -0.046873447 0.015188538 0.998785198 0.514618814
0.999093771 0.003645533 0.042407457 0.000836059 -0.002944544 0.999858201 -0.016580569 -0.002577388 -0.042461887 0.016440671 0.998962820 0.519276261
0.999324381 0.003720718 0.036564581 0.000843570 -0.003075962 0.999839067 -0.017673813 -0.002672621 -0.036624458 0.017549399 0.999174953 0.523959219
0.999556124 0.003186611 0.029621355 0.000889341 -0.002641863 0.999827087 -0.018411320 -0.002669788 -0.029674903 0.018324891 0.999391556 0.528411567
0.999726534 0.003781599 0.023077123 0.000442709 -0.003335308 0.999807179 -0.019347059 -0.002536619 -0.023145841 0.019264800 0.999546468 0.532359898
0.999886751 0.002725403 0.014801184 0.000277500 -0.002431282 0.999799907 -0.019853206 -0.002773176 -0.014852329 0.019814974 0.999693394 0.537041247
0.999984205 0.002376252 0.005111458 -0.000295896 -0.002267984 0.999775112 -0.021083923 -0.002731372 -0.005160410 0.021071997 0.999764562 0.541786075
0.999972165 0.000251667 -0.007455114 -0.000549063 -0.000422615 0.999736786 -0.022937529 -0.002671561 0.007447379 0.022940043 0.999709070 0.547094703
0.999719262 -0.000578331 -0.023686640 -0.001131947 -0.000013380 0.999688148 -0.024973024 -0.002647677 0.023693698 0.024966329 0.999407470 0.552652836
0.999103308 -0.000133016 -0.042337850 -0.002345275 -0.000971621 0.999659598 -0.026069356 -0.002651720 0.042326912 0.026087120 0.998763204 0.558630228
0.997976184 0.000049780 -0.063589022 -0.003330018 -0.001689207 0.999667466 -0.025728101 -0.002711277 0.063566618 0.025783444 0.997644484 0.564712167
0.996239424 0.000356220 -0.086642466 -0.005009640 -0.002480767 0.999698877 -0.024414415 -0.002834214 0.086607680 0.024537537 0.995940328 0.572002828
0.993619025 0.001357679 -0.112779602 -0.006874558 -0.003963536 0.999730170 -0.022884747 -0.003016102 0.112718105 0.023185723 0.993356466 0.579264045
0.989805818 0.001912702 -0.142410219 -0.009120308 -0.004934401 0.999770164 -0.020868152 -0.003116515 0.142337546 0.021358127 0.989587724 0.587622404
0.984548092 0.001547622 -0.175107628 -0.011739023 -0.004685950 0.999835789 -0.017510239 -0.003181531 0.175051734 0.018060215 0.984393597 0.596410096
0.977434158 0.002013265 -0.211231053 -0.015305154 -0.005023135 0.999893308 -0.013713576 -0.003246736 0.211180896 0.014465157 0.977339983 0.605778337
0.968098044 0.003121116 -0.250552177 -0.018558964 -0.005419837 0.999949276 -0.008485160 -0.003347755 0.250513077 0.009572417 0.968065858 0.614945590
0.956735551 0.005999778 -0.290896922 -0.023235172 -0.007543621 0.999962807 -0.004186004 -0.003356312 0.290860981 0.006199314 0.956745267 0.624564886
0.942907691 0.008360727 -0.332949191 -0.027204767 -0.009079073 0.999958575 -0.000601731 -0.003028239 0.332930386 0.003590246 0.942944527 0.633696616
0.926373243 0.011148901 -0.376441658 -0.031938806 -0.009653308 0.999936223 0.005859141 -0.003425038 0.376482934 -0.001793845 0.926421762 0.643656552
0.908086240 0.013807382 -0.418555588 -0.037949726 -0.009159815 0.999872088 0.013111081 -0.003540376 0.418683052 -0.008072101 0.908096552 0.652998149
0.886423647 0.017219540 -0.462554574 -0.043470591 -0.009203824 0.999765873 0.019580442 -0.003620297 0.462783426 -0.013099295 0.886374533 0.662872672
0.862550735 0.022009656 -0.505491614 -0.051571995 -0.011577786 0.999650419 0.023769995 -0.003335956 0.505838096 -0.014650354 0.862504065 0.673272014
0.835289121 0.024529370 -0.549263537 -0.059381038 -0.011568869 0.999567330 0.027046042 -0.003260994 0.549689233 -0.016236909 0.835211515 0.683087111
0.804784179 0.027352627 -0.592937112 -0.068180025 -0.013172466 0.999514759 0.028229566 -0.002978824 0.593421578 -0.014908263 0.804753840 0.693365097
0.771434188 0.029800771 -0.635610938 -0.078171939 -0.013316372 0.999439955 0.030697055 -0.002577124 0.636169791 -0.015216722 0.771399021 0.703883946
0.735148072 0.031972397 -0.677152276 -0.089453787 -0.013111081 0.999370873 0.032952264 -0.001555543 0.677779853 -0.015346594 0.735104740 0.714553475
0.696742833 0.032687493 -0.716575921 -0.101177692 -0.010874514 0.999327719 0.035012040 -0.000877716 0.717238545 -0.016601970 0.696629882 0.724350154
0.657715261 0.032008909 -0.752586186 -0.114707261 -0.007937605 0.999335885 0.035566632 -0.000020128 0.753224671 -0.017418992 0.657532573 0.734105825
0.616722703 0.029638201 -0.786622345 -0.128883928 -0.001675413 0.999338150 0.036339313 0.000795726 0.787178636 -0.021093359 0.616364241 0.743313670
0.574261367 0.029481083 -0.818141043 -0.143873751 0.002382542 0.999286950 0.037680857 0.001485741 0.818668544 -0.023587920 0.573781610 0.751780152
0.528665960 0.030711833 -0.848274112 -0.159854144 0.005051392 0.999213696 0.039324772 0.002212023 0.848814785 -0.025074637 0.528095245 0.760514617
0.480859220 0.029557897 -0.876299441 -0.177448660 0.006051507 0.999295890 0.037027307 0.003402850 0.876776934 -0.023107857 0.480341852 0.768049240
0.429887682 0.028620241 -0.902428627 -0.195121557 0.011791636 0.999234259 0.037307553 0.003907619 0.902805388 -0.026679168 0.429221064 0.775410771
0.377264440 0.027656078 -0.925692558 -0.214405239 0.017341992 0.999167800 0.036918931 0.004720598 0.925943196 -0.029981548 0.376470864 0.782275617
0.325602621 0.026055275 -0.945147634 -0.234371156 0.020094186 0.999203920 0.034467887 0.005750870 0.945293307 -0.030214807 0.324819773 0.787423074
0.274189293 0.031457517 -0.961161077 -0.255936027 0.021125751 0.999026656 0.038723320 0.006862850 0.961443663 -0.030922767 0.273257852 0.791834414
0.224088445 0.036267668 -0.973893762 -0.278318554 0.024085892 0.998796105 0.042737082 0.007835170 0.974271059 -0.033033982 0.222945124 0.795663834
0.176867425 0.037223577 -0.983530521 -0.301523566 0.029701022 0.998627603 0.043136057 0.008839536 0.983786464 -0.036841225 0.175519079 0.798858166
0.134295106 0.037878543 -0.990217149 -0.325257838 0.032778177 0.998552561 0.042642828 0.009794855 0.990399182 -0.038184237 0.132859096 0.800815284
0.093546420 0.036938820 -0.994929433 -0.351576984 0.032678336 0.998659134 0.040149812 0.010760814 0.995078444 -0.036268514 0.092213877 0.802567661
0.059404194 0.032154087 -0.997716010 -0.376798719 0.030460306 0.998957217 0.034007698 0.012323641 0.997769177 -0.032410931 0.058362816 0.802825451
0.030475155 0.032552667 -0.999005318 -0.405066758 0.027689904 0.999058425 0.033399075 0.013675967 0.999151826 -0.028680200 0.029545074 0.802833021
0.010443954 0.037003439 -0.999260604 -0.433006853 0.027272208 0.998932719 0.037276339 0.014733372 0.999573529 -0.027641354 0.009423641 0.802124381
-0.002977950 0.042796444 -0.999079287 -0.462783247 0.028577510 0.998679399 0.042694133 0.016039886 0.999587119 -0.028424060 -0.004197033 0.801806629
-0.010136651 0.044798885 -0.998944581 -0.491619855 0.028065106 0.998615146 0.044499323 0.017499218 0.999554694 -0.027584413 -0.011379898 0.800820649
-0.014992877 0.042327344 -0.998991251 -0.524734139 0.029272834 0.998693883 0.041875411 0.018948572 0.999459028 -0.028615467 -0.016212335 0.800349355
-0.012822401 0.038395401 -0.999180377 -0.555511475 0.036168091 0.998626411 0.037909977 0.020419098 0.999263406 -0.035652347 -0.014193479 0.799119294
-0.010116115 0.036811285 -0.999271035 -0.588537455 0.048931282 0.998143137 0.036274385 0.021960661 0.998750865 -0.048528656 -0.011898556 0.799975812
-0.003540422 0.036680501 -0.999320805 -0.621055007 0.048894931 0.998138070 0.036463868 0.023555895 0.998797596 -0.048732620 -0.005327322 0.799204648
0.000941399 0.035601277 -0.999365568 -0.654763877 0.046995930 0.998260379 0.035606153 0.024633747 0.998894632 -0.046999644 -0.000733355 0.798601687
0.005075643 0.029194951 -0.999560833 -0.687579513 0.050624039 0.998284638 0.029414728 0.025931159 0.998704851 -0.050751105 0.003588971 0.797512650
0.006171095 0.018632619 -0.999807358 -0.724822402 0.048514746 0.998643458 0.018910374 0.027447419 0.998803377 -0.048622098 0.005258769 0.798265636
0.007837634 0.010435436 -0.999914825 -0.759637058 0.040035184 0.999140620 0.010741163 0.028438959 0.999167502 -0.040115952 0.007413112 0.796716452
0.005654186 0.007713221 -0.999954224 -0.797159612 0.034962837 0.999357343 0.007906309 0.029522087 0.999372602 -0.035005946 0.005380875 0.796532571
0.002709680 0.013596829 -0.999903917 -0.835569978 0.025252022 0.999587834 0.013660961 0.030447654 0.999677479 -0.025286611 0.002365215 0.795433819
-0.002272355 0.022343712 -0.999747694 -0.875297427 0.020855952 0.999533892 0.022291524 0.030926019 0.999779880 -0.020800035 -0.002737295 0.794221759
-0.006321559 0.031189647 -0.999493480 -0.914537013 0.018700840 0.999342382 0.031066652 0.032652464 0.999805033 -0.018494979 -0.006900675 0.792985678
-0.008491769 0.041310176 -0.999110222 -0.956183553 0.018140769 0.998988271 0.041150942 0.034035996 0.999799311 -0.017775185 -0.009232576 0.792299449
-0.009451073 0.048828881 -0.998762369 -0.996765494 0.019785434 0.998620689 0.048634719 0.035926197 0.999759555 -0.019301297 -0.010404138 0.791581213
-0.010447893 0.049611401 -0.998713970 -1.037614107 0.020493612 0.998569429 0.049389821 0.037986483 0.999735355 -0.019951236 -0.011449661 0.790324748
-0.012963798 0.047062006 -0.998807847 -1.080077887 0.019749286 0.998708904 0.046801012 0.039885152 0.999721050 -0.019119021 -0.013876501 0.789361537
-0.015127560 0.042073388 -0.999000072 -1.120920420 0.019061189 0.998944819 0.041782428 0.041785944 0.999703944 -0.018410062 -0.015913568 0.787672698
-0.019180493 0.037169389 -0.999124885 -1.161667824 0.019360874 0.999135196 0.036798093 0.043396458 0.999628603 -0.018638130 -0.019883541 0.786066175
-0.025857067 0.032726504 -0.999129772 -1.205092669 0.019392546 0.999292254 0.032229956 0.045202706 0.999477506 -0.018542297 -0.026473414 0.784776807
-0.032056123 0.030902760 -0.999008238 -1.246582627 0.018496875 0.999369025 0.030320400 0.046780080 0.999314904 -0.017506575 -0.032607503 0.782424629
-0.038601913 0.032470927 -0.998726904 -1.288796663 0.017371869 0.999342680 0.031819500 0.049129356 0.999103606 -0.016121462 -0.039140619 0.780232370
-0.045230251 0.037793040 -0.998261452 -1.334447980 0.017266929 0.999164343 0.037044883 0.050238613 0.998827338 -0.015561360 -0.045845028 0.777583361
-0.051154111 0.040485688 -0.997869849 -1.377085209 0.014019496 0.999108553 0.039817262 0.052180927 0.998592317 -0.011952816 -0.051676109 0.774791479
-0.055528935 0.042584263 -0.997548580 -1.420931339 0.010706753 0.999058068 0.042052709 0.053995915 0.998399615 -0.008345367 -0.055932578 0.770980895
-0.058792848 0.043801457 -0.997308731 -1.466594219 0.006645901 0.999031901 0.043485343 0.056455527 0.998248041 -0.004071387 -0.059027027 0.768254697
-0.060451489 0.044767171 -0.997166753 -1.509832621 0.001858449 0.998997092 0.044736672 0.058661912 0.998169422 0.000851215 -0.060474053 0.764839232
-0.062078450 0.044334911 -0.997086048 -1.552561283 0.001222090 0.999015450 0.044344611 0.060499795 0.998070478 0.001534316 -0.062071513 0.761705279
-0.063115709 0.044514872 -0.997012973 -1.597887278 0.001516633 0.999007881 0.044507921 0.061529156 0.998005033 0.001297047 -0.063120611 0.757525206
-0.064231426 0.043720242 -0.996976912 -1.641714573 0.000761348 0.999041617 0.043761738 0.063512377 0.997934699 0.002051832 -0.064203165 0.753796577
-0.065073758 0.042698607 -0.996966541 -1.686796427 -0.002126015 0.999075890 0.042927720 0.065880626 0.997878194 0.004913034 -0.064922847 0.750220895
-0.065930530 0.040309466 -0.997009695 -1.730593443 -0.007159433 0.999138772 0.040868990 0.067572020 0.997798443 0.009832541 -0.065585166 0.746590197
-0.066212431 0.035344284 -0.997179329 -1.775967360 -0.011765613 0.999275267 0.036199797 0.069708966 0.997736156 0.014129303 -0.065748595 0.742625594
-0.064987868 0.034227118 -0.997298896 -1.820410013 -0.013831043 0.999284685 0.035196550 0.071992323 0.997790158 0.016081033 -0.064467981 0.738641918
-0.063207045 0.038959485 -0.997239709 -1.864225149 -0.014192971 0.999101579 0.039931796 0.073068582 0.997899532 0.016677767 -0.062597297 0.735142708
-0.062205318 0.042222500 -0.997169852 -1.911955833 -0.013957296 0.998970270 0.043169428 0.074827738 0.997965693 0.016603164 -0.061551962 0.731842160
-0.060616750 0.041455064 -0.997299850 -1.957276344 -0.012544424 0.999026597 0.042289305 0.077149153 0.998082221 0.015073996 -0.060037717 0.728632271
-0.057723083 0.039995957 -0.997531176 -2.002108097 -0.012982221 0.999082625 0.040809389 0.079741813 0.998248160 0.015305815 -0.057150885 0.725168705
-0.054123193 0.040902734 -0.997696102 -2.049118757 -0.016386515 0.998989761 0.041844711 0.081523500 0.998399794 0.018613536 -0.053398259 0.721623659
-0.048421156 0.042009640 -0.997943163 -2.094179630 -0.021316916 0.998844147 0.043081887 0.083336718 0.998599470 0.023359146 -0.047469672 0.718516588
-0.041746050 0.041478045 -0.998266876 -2.138161182 -0.025424611 0.998770297 0.042562187 0.085284114 0.998804688 0.027157353 -0.040640160 0.714937210
-0.037087679 0.040514175 -0.998490393 -2.186970711 -0.026548248 0.998785198 0.041512247 0.087728903 0.998959303 0.028047765 -0.035967052 0.712837219
-0.031280395 0.039402802 -0.998733580 -2.233418465 -0.026010290 0.998852193 0.040222127 0.089960352 0.999172091 0.027235517 -0.030219616 0.710578918
-0.025633547 0.039696515 -0.998882890 -2.277801991 -0.024870371 0.998876691 0.040334493 0.091478676 0.999361932 0.025876511 -0.024617484 0.708612621
-0.019945275 0.039536953 -0.999019027 -2.326406002 -0.024031784 0.998910129 0.040012434 0.094104655 0.999512196 0.024806269 -0.018973390 0.706081033
-0.014001362 0.039542668 -0.999119759 -2.372651100 -0.024473902 0.998904824 0.039877132 0.097302571 0.999602377 0.025010692 -0.013018262 0.704738557
-0.008825784 0.041917797 -0.999082029 -2.420686960 -0.024025789 0.998823643 0.042119205 0.098383017 0.999672353 0.024375468 -0.007808293 0.703287125
-0.003528272 0.040839296 -0.999159455 -2.467219591 -0.024175895 0.998870194 0.040912841 0.100524306 0.999701440 0.024299923 -0.002536959 0.702412069
0.001212682 0.036669716 -0.999326825 -2.515142441 -0.023758892 0.999046385 0.036630597 0.102195658 0.999716938 0.023698475 0.002082757 0.701544464
0.005805666 0.031624969 -0.999482989 -2.561849594 -0.023915490 0.999218285 0.031477679 0.103629790 0.999697149 0.023720371 0.006557453 0.700940669
0.008871027 0.031475350 -0.999465168 -2.609898567 -0.023036148 0.999245644 0.031263974 0.105164856 0.999695301 0.022746479 0.009589404 0.701113760
0.012924188 0.033594958 -0.999351978 -2.658004284 -0.022493858 0.999192178 0.033298694 0.106714025 0.999663472 0.022048919 0.013669427 0.700471163
0.014359627 0.033339988 -0.999340892 -2.705547333 -0.022765283 0.999195755 0.033008032 0.108413935 0.999637663 0.022276293 0.015107074 0.700815082
0.015869042 0.032379057 -0.999349594 -2.752639771 -0.024935115 0.999177516 0.031977523 0.110732801 0.999563098 0.024411445 0.016663363 0.700244427
0.016068274 0.033959344 -0.999293983 -2.801661968 -0.025626464 0.999108672 0.033540975 0.111824214 0.999542415 0.025069425 0.016924210 0.700652480
0.017729389 0.033639215 -0.999276757 -2.849404812 -0.026848864 0.999089420 0.033156548 0.113403261 0.999482214 0.026241601 0.018616421 0.700165451
0.018102665 0.031633750 -0.999335587 -2.898805141 -0.026867209 0.999153852 0.031141303 0.114971928 0.999475062 0.026285617 0.018937258 0.700868726
0.019518442 0.030118214 -0.999355733 -2.947048426 -0.024965541 0.999249220 0.029627400 0.116782866 0.999497712 0.024371179 0.020255702 0.700579405
0.019156320 0.030112879 -0.999362946 -2.996541262 -0.021256704 0.999332607 0.029704506 0.118086860 0.999590516 0.020674130 0.019783637 0.701271594
0.019796701 0.030314393 -0.999344409 -3.045472145 -0.018934511 0.999372303 0.029940153 0.119754575 0.999624729 0.018329382 0.020358266 0.701621294
0.019649744 0.033614885 -0.999241650 -3.095180511 -0.018646060 0.999273062 0.033249289 0.120982535 0.999633014 0.017978577 0.020262247 0.701515198
0.019640157 0.036662877 -0.999134660 -3.144560099 -0.021279594 0.999116361 0.036243912 0.123011343 0.999580622 0.020549342 0.020402972 0.701681614
0.020254731 0.036682062 -0.999121726 -3.193935156 -0.022176702 0.999097347 0.036231581 0.125003874 0.999548852 0.021423364 0.021049932 0.701872051
0.021554224 0.035306081 -0.999144077 -3.241420269 -0.022709358 0.999135733 0.034815881 0.126460716 0.999509692 0.021939490 0.022337371 0.701671064
0.020438327 0.032018926 -0.999278247 -3.292011738 -0.022628337 0.999245822 0.031555068 0.128548995 0.999535024 0.021967078 0.021147449 0.702475548
0.020471869 0.031275794 -0.999301136 -3.340689182 -0.020494718 0.999313712 0.030856326 0.130129844 0.999580324 0.019848708 0.021098807 0.702741265
0.020582624 0.032286022 -0.999266684 -3.389926434 -0.018979769 0.999310970 0.031896509 0.131945997 0.999607980 0.018309334 0.021181220 0.703123331
0.020789452 0.035102103 -0.999167442 -3.438535213 -0.018700831 0.999222279 0.034714911 0.133260265 0.999608934 0.017963557 0.021429718 0.703425050
0.020905981 0.037876781 -0.999063730 -3.487219334 -0.018491419 0.999125838 0.037492193 0.134583488 0.999610424 0.017690295 0.021588102 0.704197586
0.021503869 0.037475821 -0.999066055 -3.535836458 -0.020228865 0.999108970 0.037042025 0.136636093 0.999564052 0.019413432 0.022242798 0.703954637
0.021537660 0.035654757 -0.999132037 -3.584394217 -0.019871607 0.999181628 0.035228167 0.138145193 0.999570489 0.019095628 0.022228552 0.704390585
0.021781707 0.033488747 -0.999201715 -3.632359743 -0.018175729 0.999286890 0.033095393 0.140042335 0.999597549 0.017440351 0.022374857 0.704828858
0.022253511 0.035143584 -0.999134421 -3.681959391 -0.016463256 0.999259353 0.034781288 0.141299471 0.999616802 0.015674999 0.022815609 0.704974174
0.022531245 0.038199265 -0.999016106 -3.730798244 -0.014324862 0.999179542 0.037882436 0.142790481 0.999643505 0.013457231 0.023059959 0.705396116
0.021952750 0.040713195 -0.998929679 -3.778765440 -0.013251542 0.999094665 0.040428683 0.144494683 0.999671161 0.012349839 0.022472387 0.706404388
0.022794489 0.041980907 -0.998858333 -3.827738762 -0.013711887 0.999037027 0.041675512 0.146594733 0.999646127 0.012746262 0.023348182 0.706352055
0.023451174 0.044492736 -0.998734415 -3.876873016 -0.016766135 0.998886168 0.044105805 0.148070887 0.999584436 0.015710585 0.024171026 0.706406772
0.023644110 0.043501459 -0.998773515 -3.924695015 -0.017720180 0.998914123 0.043088090 0.150042087 0.999563396 0.016679663 0.024389289 0.706705213
0.023877850 0.039242428 -0.998944342 -3.972972631 -0.019809350 0.999051630 0.038773134 0.151756868 0.999518573 0.018862622 0.024632573 0.706919372
0.024244444 0.038246173 -0.998974204 -4.021159649 -0.021864500 0.999049187 0.037718408 0.153297961 0.999466956 0.020927610 0.025057623 0.707076669
0.024856789 0.036756042 -0.999015033 -4.069272041 -0.022458352 0.999092221 0.036200084 0.155094013 0.999438763 0.021536414 0.025659705 0.706755638
0.024873238 0.036841247 -0.999011517 -4.117940426 -0.020873005 0.999122143 0.036325622 0.156856894 0.999472678 0.019948842 0.025620390 0.707674623
0.024933435 0.039046101 -0.998926222 -4.165786743 -0.020945862 0.999038041 0.038527653 0.158475593 0.999469638 0.019962745 0.025727302 0.708092153
0.024314560 0.041070767 -0.998860359 -4.213766098 -0.019232661 0.998990059 0.040607933 0.160151780 0.999519348 0.018223377 0.025079906 0.709196746
0.024187600 0.039799903 -0.998914957 -4.262407780 -0.023350833 0.998957038 0.039236166 0.162584305 0.999434710 0.022376459 0.025091732 0.709258020
0.023595534 0.041376714 -0.998864949 -4.310404778 -0.026102684 0.998827934 0.040758573 0.163842395 0.999380708 0.025111336 0.024647923 0.709289968
0.023098575 0.041045688 -0.998890162 -4.358533382 -0.029444886 0.998751283 0.040359084 0.165417358 0.999299467 0.028479973 0.024278319 0.709786892
0.023388099 0.037280735 -0.999031067 -4.408636570 -0.031030372 0.998850048 0.036547527 0.167252734 0.999244750 0.030145530 0.024518035 0.709546864
0.022141948 0.034450777 -0.999161124 -4.455376148 -0.032749556 0.998894751 0.033715848 0.168739304 0.999218345 0.031975541 0.023245722 0.710168719
0.022157701 0.032352936 -0.999230981 -4.508134842 -0.027884232 0.999107420 0.031730607 0.171012148 0.999365509 0.027159709 0.023040064 0.710270584
0.021478428 0.032230202 -0.999249697 -4.557503223 -0.024195867 0.999204338 0.031708643 0.172397077 0.999476492 0.023496659 0.022241175 0.711091995
0.021082245 0.033371650 -0.999220610 -4.608548164 -0.022329407 0.999209166 0.032900143 0.174611300 0.999528348 0.021618394 0.021810738 0.711311460
0.019361120 0.037524559 -0.999108016 -4.658006191 -0.021261171 0.999084830 0.037111677 0.175885662 0.999586463 0.020523684 0.020141218 0.712283254
0.019636350 0.037170727 -0.999116004 -4.710502625 -0.019751370 0.999128163 0.036782984 0.178287789 0.999612093 0.019011628 0.020353397 0.712234557
0.018244024 0.032785866 -0.999295890 -4.760900497 -0.019408472 0.999285579 0.032431193 0.180021077 0.999645233 0.018803133 0.018867310 0.712838173
0.018404547 0.029635428 -0.999391258 -4.813024998 -0.020046230 0.999370635 0.029265650 0.181674659 0.999629617 0.019495400 0.018987037 0.712335169
0.017338337 0.027956814 -0.999458790 -4.863943577 -0.019154301 0.999434829 0.027623862 0.183398902 0.999666154 0.018664975 0.017864030 0.712585926
0.017095692 0.029574456 -0.999416351 -4.916140556 -0.021114944 0.999350309 0.029211313 0.184779733 0.999630988 0.020603230 0.017709045 0.712195873
0.016248953 0.034403298 -0.999275863 -4.969035625 -0.025786271 0.999089897 0.033977587 0.186392531 0.999535382 0.025215503 0.017121295 0.712266207
0.016867409 0.037552744 -0.999152422 -5.022349834 -0.031112127 0.998830259 0.037015419 0.188444898 0.999373555 0.030461395 0.018016029 0.711164117
0.016114371 0.037682887 -0.999159873 -5.075275421 -0.038854424 0.998558462 0.037033565 0.190470338 0.999114931 0.038225006 0.017555285 0.711103201
0.017044047 0.035715729 -0.999216616 -5.128278255 -0.041601885 0.998521686 0.034981269 0.192259520 0.998988867 0.040973082 0.018504692 0.710452199
0.016531579 0.034131061 -0.999280572 -5.180724621 -0.043522678 0.998494446 0.033384193 0.194189817 0.998915672 0.042939477 0.017992165 0.710182309
0.016059972 0.034303904 -0.999282300 -5.233934879 -0.043875445 0.998472929 0.033570968 0.195334345 0.998907924 0.043304816 0.017540544 0.710266411
0.015847519 0.033176396 -0.999323845 -5.287327766 -0.041743156 0.998600066 0.032490388 0.197242245 0.999002695 0.041200049 0.017210223 0.710038900
0.015420289 0.033489648 -0.999320090 -5.339730263 -0.041658942 0.998592556 0.032822438 0.199039444 0.999012828 0.041124478 0.016793732 0.710147500
0.014613665 0.038583606 -0.999148428 -5.392263412 -0.041395560 0.998421848 0.037950091 0.200828224 0.999035954 0.040805712 0.016187793 0.710249543
0.014031122 0.042495202 -0.998998165 -5.445904255 -0.040331818 0.998307467 0.041899350 0.202807650 0.999087811 0.039703511 0.015721282 0.710255742
0.013979373 0.041402146 -0.999044776 -5.498174667 -0.041637521 0.998299837 0.040788654 0.205035865 0.999035001 0.041027542 0.015679488 0.710105598
0.014972288 0.040105622 -0.999083221 -5.551168442 -0.040391661 0.998403907 0.039473046 0.206514910 0.999071717 0.039763641 0.016568322 0.709900439
0.016152516 0.039676376 -0.999082029 -5.603938103 -0.039361410 0.998463035 0.039015427 0.208238989 0.999094427 0.038695086 0.017689409 0.710115850
0.016745398 0.038806297 -0.999106407 -5.655259609 -0.039807856 0.998480141 0.038114782 0.210238561 0.999066949 0.039134033 0.018264741 0.710066617
0.018337680 0.041132245 -0.998985350 -5.708370209 -0.040367406 0.998369217 0.040365871 0.212297514 0.999016583 0.039586231 0.019968174 0.709519029
0.018788991 0.044509497 -0.998832405 -5.760838509 -0.040652148 0.998216510 0.043717366 0.214232758 0.998996675 0.039783273 0.020564888 0.710195303
0.020394342 0.045389831 -0.998761237 -5.812618732 -0.042333376 0.998112261 0.044495918 0.216461882 0.998895407 0.041373469 0.022277350 0.710088611
0.021548349 0.042897902 -0.998847127 -5.865978241 -0.044964209 0.998109639 0.041896209 0.218654782 0.998756170 0.044009577 0.023436485 0.710339844
0.021524988 0.039829426 -0.998974621 -5.917228222 -0.043575544 0.998293936 0.038863353 0.220591336 0.998818219 0.042694319 0.023223853 0.710374594
0.020806676 0.038184460 -0.999054074 -5.968110085 -0.041092787 0.998458624 0.037305888 0.222164065 0.998938620 0.040277705 0.022343710 0.711743116
0.021402856 0.038274258 -0.999037981 -6.020630836 -0.039299216 0.998526871 0.037412748 0.223780990 0.998998165 0.038460668 0.022875478 0.711077869
0.021620009 0.038261600 -0.999033868 -6.072387695 -0.036495112 0.998631656 0.037456404 0.225706562 0.999099970 0.035650034 0.022986788 0.710916519
0.021120327 0.036811750 -0.999099016 -6.123951912 -0.034808226 0.998743236 0.036062811 0.227780908 0.999170780 0.034015205 0.022375135 0.711942911
0.021534985 0.036395516 -0.999105394 -6.176025867 -0.034057025 0.998783827 0.035649724 0.230292916 0.999187827 0.033258844 0.022748319 0.711824954
0.021422807 0.039073877 -0.999006629 -6.227858067 -0.032034677 0.998749733 0.038376864 0.231897131 0.999257088 0.031180721 0.022647738 0.712122619
0.020978726 0.039850120 -0.998985410 -6.280042648 -0.029821245 0.998785615 0.039215900 0.234216392 0.999335110 0.028968291 0.022141626 0.712556005
0.021349514 0.038816661 -0.999018252 -6.330526352 -0.027003692 0.998903930 0.038235120 0.235703751 0.999407351 0.026160888 0.022374304 0.712788343
0.021008160 0.039176825 -0.999011457 -6.381573677 -0.028032778 0.998862147 0.038581472 0.237630665 0.999386251 0.027194541 0.022082489 0.713146687
0.021402715 0.043928292 -0.998805285 -6.433617592 -0.029129526 0.998637438 0.043296717 0.239449084 0.999346495 0.028168058 0.022653166 0.713111997
0.021775771 0.050616678 -0.998480618 -6.485661507 -0.033907067 0.998180389 0.049861968 0.241565585 0.999187768 0.032769777 0.023452409 0.713153601
0.022977900 0.050623391 -0.998453438 -6.536922932 -0.038549256 0.998019278 0.049714215 0.243977636 0.998992622 0.037347298 0.024883883 0.713226199
0.024562182 0.047276553 -0.998579800 -6.587358952 -0.042887855 0.998011351 0.046194725 0.246170998 0.998777926 0.041692305 0.026540924 0.712802172
0.025916969 0.041595388 -0.998798370 -6.638631821 -0.044125643 0.998207748 0.040425807 0.248500943 0.998689771 0.043024912 0.027705943 0.713820696
0.026921496 0.039986376 -0.998837471 -6.689515114 -0.046959944 0.998147070 0.038693037 0.250652552 0.998533905 0.045863681 0.028749369 0.714022875
0.027842041 0.037139624 -0.998922169 -6.740745544 -0.041888718 0.998475134 0.035955478 0.252138048 0.998734295 0.040842488 0.029355317 0.715170741
0.028087037 0.032586116 -0.999074161 -6.791821957 -0.038616270 0.998757780 0.031490166 0.254044056 0.998859346 0.037696052 0.029310498 0.716033578
0.027909191 0.029131241 -0.999186039 -6.842173100 -0.032379922 0.999077082 0.028223636 0.255549133 0.999085903 0.031565864 0.028826704 0.716698885
0.026495053 0.031731598 -0.999145210 -6.894313335 -0.030891847 0.999044776 0.030909223 0.257793963 0.999171555 0.030046498 0.027449990 0.718277812
0.027372710 0.038176768 -0.998896062 -6.945673466 -0.031571113 0.998804986 0.037308149 0.259083569 0.999126673 0.030515037 0.028545277 0.718549848
0.028846728 0.041667610 -0.998714983 -6.995890617 -0.032200102 0.998651028 0.040734887 0.260648847 0.999065042 0.030983662 0.030149518 0.718836784
0.030513663 0.038301263 -0.998800159 -7.046700478 -0.032780282 0.998766422 0.037298523 0.262443125 0.998996735 0.031602841 0.031731542 0.719778299
0.031820081 0.038771849 -0.998741329 -7.097843647 -0.035269879 0.998668551 0.037645318 0.264275968 0.998871148 0.034027617 0.033145200 0.720125973
0.033014778 0.039712362 -0.998665571 -7.148133278 -0.033008531 0.998708546 0.038622845 0.265832663 0.998909712 0.031689357 0.034282982 0.720999002
0.033348139 0.037540846 -0.998738468 -7.199525833 -0.033461168 0.998775959 0.036424991 0.268186122 0.998883486 0.032204255 0.034563486 0.721720874
0.035519972 0.036107637 -0.998716474 -7.249684334 -0.035094734 0.998775721 0.034861617 0.270144224 0.998752534 0.033811405 0.036743682 0.722102702
0.037121635 0.038119968 -0.998583436 -7.297560692 -0.035051014 0.998706877 0.036821689 0.271029770 0.998695850 0.033634488 0.038409773 0.723239541
0.038929690 0.039963592 -0.998442531 -7.344070911 -0.035395749 0.998627961 0.038590927 0.272368938 0.998614848 0.033838291 0.040290821 0.723820329
0.039241180 0.041718863 -0.998358369 -7.390301228 -0.036059678 0.998536289 0.040308945 0.273469239 0.998578906 0.034418724 0.040688120 0.724887967
0.039495781 0.042597242 -0.998311281 -7.434779167 -0.035963062 0.998504162 0.041182678 0.274931222 0.998572350 0.034275793 0.040968630 0.725996077
0.039508361 0.043680917 -0.998263955 -7.479097843 -0.035884973 0.998461604 0.042269345 0.276461601 0.998574674 0.034152683 0.041015074 0.726626098
0.039672691 0.042573024 -0.998305321 -7.521171570 -0.035686966 0.998514891 0.041163757 0.277928680 0.998575211 0.033993408 0.041133083 0.727740049
0.041797090 0.042702604 -0.998213053 -7.562569141 -0.037064709 0.998464823 0.041161403 0.279153198 0.998438358 0.035278052 0.043315686 0.728181481
0.043071233 0.043657072 -0.998117745 -7.601967335 -0.038294990 0.998382807 0.042016145 0.280447304 0.998337805 0.036413211 0.044673413 0.729567409
0.042554498 0.041978605 -0.998211861 -7.642039299 -0.036103886 0.998528957 0.040452801 0.281484514 0.998441517 0.034317881 0.044007484 0.730311632
0.039756417 0.039164167 -0.998441637 -7.680044651 -0.033793356 0.998712659 0.037829205 0.282537848 0.998637795 0.032236736 0.041028727 0.730952978
0.034701299 0.035672422 -0.998760879 -7.719392300 -0.033314429 0.998848677 0.034518063 0.283706576 0.998842299 0.032075327 0.035849750 0.732118607
0.029819630 0.032723986 -0.999019444 -7.757661819 -0.034614343 0.998898327 0.031686813 0.284732848 0.998955786 0.033635516 0.030919498 0.732533395
0.025934478 0.031968951 -0.999152303 -7.796987057 -0.037197188 0.998827219 0.030993039 0.286155760 0.998971283 0.036361873 0.027093221 0.732908487
0.023861473 0.033124473 -0.999166310 -7.835732937 -0.039195817 0.998713493 0.032173403 0.287136018 0.998946548 0.038395446 0.025129113 0.732372940
0.021004375 0.034254093 -0.999192357 -7.874382973 -0.037952561 0.998719811 0.033440080 0.288384408 0.999058783 0.037219517 0.022277523 0.733510375
0.020362318 0.035443045 -0.999164164 -7.912832737 -0.035273526 0.998774707 0.034710381 0.289812446 0.999170244 0.034537267 0.021587571 0.733273208
0.018305069 0.036200520 -0.999176860 -7.951107979 -0.032997638 0.998821735 0.035583135 0.290645987 0.999287784 0.032319121 0.019478034 0.733850241
0.017296363 0.035582919 -0.999216974 -7.988786697 -0.033694856 0.998819649 0.034985512 0.291484028 0.999282539 0.033063348 0.018474907 0.733912468
0.016992731 0.034415599 -0.999263108 -8.026750565 -0.035317685 0.998804450 0.033799216 0.292775810 0.999231637 0.034717314 0.018187892 0.733696163
0.017599354 0.032597143 -0.999313593 -8.064733505 -0.039239705 0.998720944 0.031886738 0.294728458 0.999074817 0.038651589 0.018855939 0.733269453
0.018648142 0.032449316 -0.999299347 -8.102562904 -0.041470494 0.998638153 0.031653956 0.295010298 0.998965621 0.040851153 0.019968439 0.732911110
0.019760538 0.029103853 -0.999381065 -8.140157700 -0.041968837 0.998719275 0.028254742 0.296555519 0.998923421 0.041384533 0.020956684 0.732853889
0.020155534 0.027234770 -0.999425769 -8.178994179 -0.041461281 0.998791754 0.026381338 0.297333777 0.998936772 0.040905748 0.021260371 0.733129323
0.021271601 0.026806762 -0.999414206 -8.217811584 -0.041728549 0.998793244 0.025901949 0.298429668 0.998902559 0.041153133 0.022364536 0.733121395
0.021703180 0.029848764 -0.999318779 -8.257005692 -0.038736746 0.998828769 0.028992841 0.299214125 0.999013722 0.038081121 0.022834001 0.733496785
0.021795359 0.031495612 -0.999266207 -8.296610832 -0.037837636 0.998813629 0.030656055 0.300112784 0.999046147 0.037141707 0.022961218 0.733823538
0.023010466 0.027744336 -0.999350309 -8.335777283 -0.033220734 0.999084055 0.026972029 0.301293433 0.999183118 0.032578509 0.023911081 0.734067321
0.023044290 0.024312919 -0.999438822 -8.375438690 -0.031833056 0.999215186 0.023573499 0.302591354 0.999227524 0.031271961 0.023800161 0.734443486
0.023789305 0.024705824 -0.999411643 -8.415381432 -0.036255836 0.999058306 0.023834081 0.303798437 0.999059260 0.035667516 0.024662634 0.734336078
0.025524598 0.028464071 -0.999268889 -8.455795288 -0.037589580 0.998914957 0.027493836 0.305030495 0.998967230 0.036860328 0.026566852 0.734500825
0.027109453 0.027683612 -0.999249041 -8.496423721 -0.035360787 0.999017417 0.026717862 0.306301117 0.999006867 0.034609925 0.028061731 0.735210657
0.029448638 0.028449418 -0.999161363 -8.537495613 -0.033992968 0.999045134 0.027444229 0.307867557 0.998988092 0.033156253 0.030387599 0.735820055
0.030791057 0.033377230 -0.998968422 -8.578664780 -0.034727804 0.998874545 0.032303687 0.309069246 0.998922288 0.033697307 0.031915516 0.736585379
0.033105291 0.036443163 -0.998787224 -8.620575905 -0.031839583 0.998866200 0.035390705 0.310858786 0.998944521 0.030629350 0.034228090 0.737154961
0.034421608 0.037121788 -0.998717606 -8.662729263 -0.031332854 0.998858690 0.036047120 0.312449008 0.998916209 0.030051876 0.035545465 0.738115728
0.036420699 0.038141821 -0.998608410 -8.704775810 -0.035001229 0.998706877 0.036869045 0.314043254 0.998723388 0.033609722 0.037708618 0.738931060
0.039570402 0.040775064 -0.998384476 -8.747743607 -0.037788223 0.998513341 0.039282613 0.315451682 0.998502016 0.036172748 0.041052390 0.739708781
0.043149102 0.041045595 -0.998225152 -8.790612221 -0.038750838 0.998472571 0.039380733 0.317070693 0.998316765 0.036982823 0.044673745 0.740872622
0.046104010 0.038547996 -0.998192608 -8.833769798 -0.041546378 0.998464525 0.036639575 0.318790615 0.998072326 0.039782055 0.047634751 0.742191315
0.048487950 0.035511963 -0.998192251 -8.876246452 -0.041712634 0.998567879 0.033499107 0.320544630 0.997952402 0.040012926 0.049899817 0.743771672
0.050577618 0.035276454 -0.998096943 -8.919229507 -0.041023150 0.998605907 0.033215638 0.321870267 0.997877240 0.039265111 0.051954266 0.745050907
0.051361121 0.037038241 -0.997993052 -8.964183807 -0.041415781 0.998531282 0.034926772 0.323509276 0.997821033 0.039538786 0.052819654 0.747364640
0.052906156 0.040052712 -0.997795939 -9.008938789 -0.043394141 0.998343647 0.037773810 0.325243533 0.997656226 0.041300029 0.054556586 0.748799443
0.054109342 0.039198682 -0.997765303 -9.053675652 -0.042498775 0.998414159 0.036919437 0.327101052 0.997630179 0.040406115 0.055689432 0.750881851
0.055424314 0.037115835 -0.997772753 -9.098630905 -0.041990217 0.998511374 0.034810849 0.328778803 0.997579575 0.039967325 0.056900311 0.752504826
0.055031408 0.033529043 -0.997921526 -9.143245697 -0.038741276 0.998755157 0.031420626 0.330780357 0.997732759 0.036931630 0.056261860 0.754875004
