0.999999940 0.000000000 0.000000000 0.000000000 0.000000000 1.000000000 0.000000000 0.000000060 0.000000000 0.000000000 0.999999940 0.000000000
0.999991417 -0.002428761 -0.003330361 -0.003513542 0.002421527 0.999994695 -0.002174649 -0.005767366 0.003335625 0.002166567 0.999992013 0.666408062
0.999971628 -0.001079347 -0.007446467 -0.014775932 0.001053374 0.999993324 -0.003491084 -0.012463045 0.007450186 0.003483142 0.999966145 1.355827093
0.999701440 -0.008551267 -0.022887580 0.275575370 0.008572270 0.999962986 0.000819683 -0.132501796 0.022879725 -0.001015636 0.999737680 1.892085552
0.999383807 -0.010045733 -0.033627503 0.410689056 0.010178719 0.999940932 0.003785778 -0.208668157 0.033587486 -0.004125731 0.999427140 2.428703547
0.999223471 -0.010740628 -0.037904352 0.378300846 0.010877654 0.999934912 0.003410596 -0.209722325 0.037865255 -0.003820258 0.999275506 3.167210817
0.998792887 -0.011062508 -0.047857985 0.410936117 0.011075290 0.999938667 0.000001891 -0.168884084 0.047855034 -0.000531931 0.998854101 4.288403988
0.998578072 -0.008545150 -0.052618679 0.360566020 0.008504063 0.999963343 -0.001004708 -0.165402085 0.052625328 0.000555807 0.998614132 5.053854465
0.998262167 -0.009024418 -0.058232769 0.326079994 0.009124777 0.999957204 0.001457728 -0.184644118 0.058217134 -0.001986556 0.998301923 5.885932446
0.997973263 -0.009672094 -0.062893644 0.274195582 0.009949165 0.999942064 0.004093701 -0.186323658 0.062850408 -0.004711143 0.998011768 6.681980133
0.997759938 -0.010034296 -0.066139452 0.213342607 0.010513652 0.999920905 0.006903546 -0.191039532 0.066064954 -0.007583448 0.997786462 7.490849018
0.997635186 -0.007730830 -0.068295270 0.109796941 0.008132501 0.999951243 0.005605299 -0.191988140 0.068248607 -0.006147455 0.997649372 8.321452141
0.997484267 -0.008254957 -0.070405483 0.046089590 0.008658987 0.999947727 0.005435321 -0.192548022 0.070356920 -0.006031288 0.997503638 9.139245033
0.997366071 -0.010925199 -0.071704060 -0.022181153 0.011304208 0.999924183 0.004882044 -0.193575338 0.071645297 -0.005679742 0.997413993 9.969829559
0.997296691 -0.010820460 -0.072679028 -0.108628809 0.011237446 0.999922693 0.005330894 -0.192357928 0.072615713 -0.006133209 0.997341096 10.736984253
0.997170687 -0.012287547 -0.074160092 -0.174386382 0.012672300 0.999908566 0.004719768 -0.192006081 0.074095301 -0.005646192 0.997235179 11.586845398
0.997070849 -0.010036021 -0.075821728 -0.247907221 0.010253439 0.999944448 0.002478753 -0.196752086 0.075792626 -0.003248927 0.997118294 12.444673538
0.996950030 -0.009918126 -0.077409856 -0.309997082 0.009961138 0.999950349 0.000169500 -0.200672224 0.077404343 -0.000940072 0.996999264 13.231565475
0.996855915 -0.006109439 -0.078999728 -0.388719738 0.006027113 0.999980986 -0.001280521 -0.208678603 0.079006046 0.000800356 0.996873796 14.105306625
0.996819675 -0.004960496 -0.079535261 -0.472825468 0.004925699 0.999987602 -0.000633689 -0.219429031 0.079537421 0.000239908 0.996831834 14.990968704
0.996709645 -0.005519977 -0.080866098 -0.540384829 0.005495556 0.999984741 -0.000524572 -0.202453092 0.080867752 0.000078442 0.996724784 15.799452782
0.996616244 -0.004672565 -0.082062319 -0.621892035 0.004740612 0.999988616 0.000634373 -0.205720544 0.082058415 -0.001021252 0.996626973 16.695653915
0.996535182 -0.005322256 -0.083000429 -0.701144457 0.005405023 0.999985218 0.000772522 -0.216392562 0.082995072 -0.001218464 0.996549129 17.598945618
0.996395111 -0.004534224 -0.084712736 -0.781007767 0.004619471 0.999988973 0.000810318 -0.242285237 0.084708147 -0.001198724 0.996405005 18.455596924
0.996303082 -0.006045918 -0.085694663 -0.864273250 0.006102064 0.999981284 0.000393257 -0.251861155 0.085690700 -0.000914716 0.996321321 19.367813110
0.996245742 -0.005620711 -0.086386546 -0.941394091 0.005791990 0.999981701 0.001732190 -0.252611697 0.086375214 -0.002226036 0.996260107 20.259519577
0.996270359 -0.003660365 -0.086207680 -1.028079987 0.004104394 0.999979198 0.004974001 -0.258571118 0.086187668 -0.005309280 0.996264637 21.173055649
0.996325254 -0.003150958 -0.085591450 -1.107721329 0.003925049 0.999952853 0.008877257 -0.262596786 0.085559435 -0.009180586 0.996290743 22.093141556
0.996451020 -0.004231438 -0.084067404 -1.187067509 0.005245893 0.999915957 0.011849936 -0.265227854 0.084010184 -0.012248890 0.996389568 23.025201797
0.996577382 -0.003660194 -0.082582615 -1.268963933 0.004711248 0.999910355 0.012536041 -0.262244642 0.082529306 -0.012882205 0.996505320 23.962701797
0.996709168 -0.003446764 -0.080986790 -1.347444773 0.004251928 0.999943256 0.009771562 -0.265928447 0.080948517 -0.010083756 0.996667266 24.879625320
0.996783257 -0.002684091 -0.080099158 -1.424202800 0.003101136 0.999982357 0.005082665 -0.268869102 0.080084100 -0.005314715 0.996773899 25.817098618
0.996884167 -0.003429659 -0.078803465 -1.504731417 0.003585263 0.999991894 0.001833173 -0.268483400 0.078796558 -0.002109992 0.996888459 26.766529083
0.996935189 -0.005675774 -0.078024894 -1.582743883 0.005939481 0.999977529 0.003148120 -0.275886178 0.078005254 -0.003601900 0.996946454 27.708847046
0.996923625 -0.007233218 -0.078045063 -1.662316561 0.007862383 0.999939084 0.007757272 -0.277242005 0.077984191 -0.008347028 0.996919692 28.680334091
0.996812403 -0.010818278 -0.079043418 -1.736245394 0.011752185 0.999866366 0.011359460 -0.280379623 0.078909986 -0.012252185 0.996806383 29.638191223
0.996616662 -0.018061295 -0.080180496 -1.806851387 0.019007867 0.999758184 0.011057895 -0.282971174 0.079961404 -0.012544545 0.996719003 30.608715057
0.996459901 -0.020214770 -0.081602298 -1.883322477 0.020835826 0.999760032 0.006766298 -0.281459630 0.081445925 -0.008442597 0.996641934 31.569520950
0.996347487 -0.019947229 -0.083027929 -1.967318416 0.020241033 0.999791443 0.002698269 -0.281828314 0.082956791 -0.004368986 0.996543527 32.544246674
0.996218562 -0.018375734 -0.084916219 -2.061320305 0.018603316 0.999825180 0.001889472 -0.285521269 0.084866643 -0.003462052 0.996386230 33.529186249
0.996167898 -0.018632887 -0.085453443 -2.143851995 0.019021062 0.999812126 0.003730499 -0.303249955 0.085367888 -0.005341618 0.996335149 34.478122711
0.996085703 -0.015558996 -0.087011904 -2.233116388 0.016174987 0.999848843 0.006378786 -0.309589922 0.086899497 -0.007761233 0.996186852 35.474033356
0.996005237 -0.015546853 -0.087929852 -2.326586723 0.016312160 0.999834955 0.007991716 -0.318459421 0.087791115 -0.009394118 0.996094525 36.438087463
0.995929778 -0.014372493 -0.088978767 -2.416842937 0.015385090 0.999824345 0.010704803 -0.322046191 0.088809289 -0.012030180 0.995975912 37.413200378
0.995964050 -0.013690645 -0.088702530 -2.504996777 0.014978351 0.999791682 0.013867760 -0.329672754 0.088494219 -0.015140407 0.995961487 38.395961761
0.995987594 -0.007645140 -0.089163870 -2.606035471 0.009099165 0.999832034 0.015912265 -0.325420380 0.089027241 -0.016659737 0.995889783 39.373863220
0.995980382 -0.007483905 -0.089257896 -2.699507475 0.008882567 0.999843717 0.015282983 -0.323797703 0.089129567 -0.016014390 0.995891213 40.365303040
0.995973945 -0.007619749 -0.089318059 -2.787822008 0.008834992 0.999873638 0.013218317 -0.314721286 0.089206047 -0.013954228 0.995915294 41.358718872
0.995991230 -0.005389301 -0.089288220 -2.885021687 0.006426103 0.999915183 0.011328449 -0.319935948 0.089219607 -0.011856811 0.995941281 42.327075958
0.995895505 -0.005937321 -0.090315565 -2.975960016 0.006998785 0.999910057 0.011440666 -0.321132869 0.090239517 -0.012025807 0.995847344 43.324722290
0.995770752 -0.007532977 -0.091562711 -3.067615271 0.008730217 0.999881566 0.012682130 -0.323480964 0.091456309 -0.013427855 0.995718539 44.307594299
0.995720744 -0.006814317 -0.092162088 -3.164628744 0.008104495 0.999874234 0.013631983 -0.322048008 0.092057608 -0.014320577 0.995650649 45.271694183
0.995722830 -0.004456698 -0.092283815 -3.260801792 0.005423042 0.999933064 0.010223302 -0.328877211 0.092232078 -0.010680036 0.995680153 46.240158081
0.995685816 -0.003916808 -0.092706062 -3.365999699 0.004487191 0.999972284 0.005944943 -0.330658764 0.092680223 -0.006335287 0.995675743 47.204627991
0.995606542 -0.003075153 -0.093584411 -3.455858707 0.003517693 0.999983430 0.004564181 -0.328480840 0.093568817 -0.004873330 0.995600820 48.151119232
0.995577514 -0.004370449 -0.093841359 -3.548500299 0.005199789 0.999949574 0.008594971 -0.339332998 0.093799062 -0.009044915 0.995550036 49.129158020
0.995601118 -0.006129916 -0.093491964 -3.646311760 0.007235416 0.999907851 0.011490154 -0.342230618 0.093412884 -0.012116062 0.995553672 50.095394135
0.995541632 -0.007729466 -0.094005972 -3.731856823 0.008903649 0.999887347 0.012077499 -0.344483912 0.093902022 -0.012860649 0.995498300 51.041084290
0.995499611 -0.011148954 -0.094108500 -3.823977709 0.012227162 0.999865949 0.010888227 -0.347776651 0.093974501 -0.011989905 0.995502353 51.996578217
0.995430768 -0.013770209 -0.094487309 -3.913694859 0.014729327 0.999846816 0.009460795 -0.349114716 0.094342567 -0.010809300 0.995481074 52.944240570
0.995310545 -0.015306951 -0.095512293 -4.004755974 0.016405521 0.999807894 0.010727129 -0.354015946 0.095329762 -0.012243753 0.995370388 53.889503479
0.995156288 -0.018321358 -0.096582785 -4.097265244 0.019835062 0.999694645 0.014735790 -0.352476954 0.096283332 -0.016580138 0.995215774 54.846977234
0.995107472 -0.018321261 -0.097084410 -4.188731194 0.020316388 0.999601483 0.019601842 -0.353040457 0.096686572 -0.021478344 0.995083094 55.773674011
0.995102286 -0.016538279 -0.097457111 -4.289576054 0.018756201 0.999584615 0.021885874 -0.348668814 0.097054660 -0.023606606 0.994999051 56.719120026
0.994981706 -0.015210559 -0.098894611 -4.385466576 0.017036792 0.999699056 0.017648201 -0.343630314 0.098596402 -0.019244481 0.994941413 57.650554657
0.994889855 -0.013659521 -0.100038044 -4.486356735 0.014726425 0.999842227 0.009934256 -0.344767392 0.099886566 -0.011356692 0.994933963 58.566436768
0.994847834 -0.011568432 -0.100716941 -4.586869240 0.012118041 0.999914825 0.004846856 -0.346289337 0.100652292 -0.006042374 0.994903266 59.474025726
0.994824231 -0.006614138 -0.101395302 -4.692861557 0.007231941 0.999957502 0.005726635 -0.351743281 0.101353101 -0.006430279 0.994829714 60.374370575
0.994703472 -0.004136049 -0.102702335 -4.792077541 0.005022624 0.999952257 0.008375362 -0.363488019 0.102662802 -0.008846837 0.994676888 61.270324707
0.994595647 -0.001598831 -0.103811458 -4.888571739 0.002607178 0.999950707 0.009578279 -0.368028581 0.103791043 -0.009797170 0.994550884 62.155933380
0.994476855 -0.000538749 -0.104954861 -4.983763695 0.001546614 0.999953449 0.009521693 -0.375753522 0.104944855 -0.009631428 0.994431317 63.026599884
0.994331598 0.000732998 -0.106320903 -5.086873055 0.000397932 0.999943554 0.010615329 -0.381004393 0.106322691 -0.010597465 0.994275153 63.878532410
0.994195402 0.001938259 -0.107572399 -5.183672905 -0.000748139 0.999938071 0.011102678 -0.386685073 0.107587278 -0.010957751 0.994135201 64.721527100
0.994020164 0.001659803 -0.109185077 -5.275131226 -0.000406426 0.999933898 0.011500642 -0.391036153 0.109196946 -0.011387492 0.993954897 65.543304443
0.993915796 0.001273729 -0.110134415 -5.365876198 0.000140499 0.999917686 0.012832212 -0.399201989 0.110141702 -0.012769614 0.993833899 66.337646484
0.993759453 0.004061910 -0.111470141 -5.464297771 -0.002370693 0.999880135 0.015300285 -0.397920728 0.111518927 -0.014940541 0.993650019 67.133628845
0.993575096 0.005757702 -0.113027699 -5.550896645 -0.003579464 0.999804199 0.019465201 -0.400899053 0.113117650 -0.018935561 0.993401170 67.910751343
0.993390858 0.009262863 -0.114405930 -5.652565956 -0.006900253 0.999755085 0.021029908 -0.398548245 0.114572689 -0.020101491 0.993211508 68.683242798
0.993235528 0.011613761 -0.115534693 -5.750261784 -0.009691342 0.999805331 0.017187191 -0.403227687 0.115711793 -0.015951242 0.993154705 69.430145264
0.993060648 0.011667888 -0.117022678 -5.838977814 -0.010579526 0.999894857 0.009917280 -0.406368911 0.117126077 -0.008610413 0.993079662 70.152984619
0.992892623 0.010572220 -0.118542247 -5.921232224 -0.010153456 0.999939859 0.004136030 -0.410161436 0.118578844 -0.002903017 0.992940426 70.856933594
0.992869556 0.011117881 -0.118685745 -6.015589714 -0.010845081 0.999936879 0.002944119 -0.413645327 0.118710980 -0.001635969 0.992927492 71.548660278
0.992741227 0.013888751 -0.119463846 -6.102722645 -0.013184875 0.999890745 0.006680361 -0.422757745 0.119543567 -0.005056754 0.992816150 72.214263916
0.992560208 0.014425199 -0.120896570 -6.186829567 -0.013417312 0.999868095 0.009146673 -0.437680721 0.121012568 -0.007456515 0.992623031 72.865913391
0.992490709 0.010864213 -0.121834941 -6.265542507 -0.010270008 0.999932051 0.005504061 -0.440483719 0.121886462 -0.004211484 0.992535114 73.503440857
0.992552817 0.002563250 -0.121786810 -6.329623699 -0.002510416 0.999996603 0.000587245 -0.452595413 0.121787921 -0.000277136 0.992556095 74.112815857
0.992688298 -0.001566007 -0.120695218 -6.400519371 0.001022737 0.999989092 -0.004562984 -0.454372317 0.120701037 0.004406183 0.992679060 74.705390930
0.993054986 0.000798935 -0.117647320 -6.473299980 -0.001372158 0.999987543 -0.004791471 -0.462753773 0.117642023 0.004919625 0.993043840 75.284660339
0.993511081 0.005938471 -0.113579437 -6.544431210 -0.006170790 0.999979436 -0.001693963 -0.474591255 0.113567062 0.002383848 0.993527472 75.853652954
0.994028568 0.004477784 -0.109027743 -6.604988098 -0.004357569 0.999989569 0.001340846 -0.480092287 0.109032601 -0.000857744 0.994037807 76.411666870
0.994640768 0.001034815 -0.103387192 -6.649274349 -0.000462266 0.999984324 0.005561716 -0.488182276 0.103391342 -0.005484114 0.994625628 76.952354431
0.995478749 -0.003396821 -0.094924524 -6.693870068 0.004301035 0.999947369 0.009322632 -0.500943422 0.094887860 -0.009688755 0.995440781 77.472404480
0.996418357 0.000323436 -0.084559970 -6.734277248 0.000435847 0.999959707 0.008960610 -0.503064990 0.084559478 -0.008965370 0.996378064 77.988868713
0.997564256 0.005528355 -0.069535054 -6.767271042 -0.004939610 0.999950469 0.008635963 -0.508125067 0.069579363 -0.008271450 0.997542083 78.493209839
0.998624682 0.010575488 -0.051351611 -6.795801163 -0.010106343 0.999904871 0.009387075 -0.512029290 0.051446013 -0.008855188 0.998636425 78.982803345
0.999538541 0.009197650 -0.028951576 -6.797748566 -0.008909473 0.999909639 0.010067105 -0.513342321 0.029041559 -0.009804515 0.999530077 79.466377258
0.999980569 0.005605474 -0.002747998 -6.777027130 -0.005575080 0.999924600 0.010946050 -0.514975429 0.002809159 -0.010930518 0.999936223 79.933547974
0.999636948 0.004563279 0.026554909 -6.739267349 -0.004908509 0.999904156 0.012950003 -0.523119926 -0.026493251 -0.013075646 0.999563456 80.389968872
0.998197198 0.004060741 0.059882361 -6.699491024 -0.004928228 0.999884844 0.014345960 -0.524381161 -0.059817217 -0.014615212 0.998102307 80.827720642
0.995235264 0.004133541 0.097415060 -6.629649639 -0.005613008 0.999872863 0.014918100 -0.524924636 -0.097341016 -0.015393811 0.995132089 81.268882751
0.990179360 0.004222085 0.139738739 -6.551782608 -0.006416420 0.999862969 0.015256336 -0.528755307 -0.139655173 -0.016003132 0.990070879 81.705802917
0.982790530 0.003843467 0.184683457 -6.440423965 -0.006689082 0.999868214 0.014787508 -0.525144696 -0.184602261 -0.015768386 0.982686877 82.121597290
0.972256482 0.006366693 0.233830988 -6.327058792 -0.009658059 0.999869704 0.012933471 -0.527384281 -0.233718172 -0.014833000 0.972191215 82.490379333
0.957859993 0.007445785 0.287139237 -6.178710938 -0.010873507 0.999887288 0.010344633 -0.533602059 -0.287029862 -0.013030918 0.957832932 82.872383118
0.939070463 0.007799827 0.343636364 -6.007427216 -0.011286126 0.999903083 0.008146384 -0.533896685 -0.343539476 -0.011528349 0.939067483 83.250129700
0.915828705 0.008353262 0.401482224 -5.818975449 -0.011917703 0.999908566 0.006381541 -0.536275864 -0.401392162 -0.010629142 0.915844500 83.600883484
0.887768924 0.008623593 0.460208714 -5.611080170 -0.012076244 0.999916732 0.004558883 -0.539268732 -0.460131019 -0.009604825 0.887799025 83.931800842
0.855285585 0.007285196 0.518105745 -5.377628326 -0.010213126 0.999943972 0.002799334 -0.546041250 -0.518056273 -0.007685709 0.855311930 84.239891052
0.818143427 0.008030757 0.574957848 -5.133750916 -0.009144160 0.999957740 -0.000955164 -0.525677681 -0.574941158 -0.004476047 0.818182409 84.563499451
0.778901458 0.006749117 0.627109885 -4.863563538 -0.008816598 0.999961138 0.000188816 -0.534109652 -0.627084315 -0.005676046 0.778930604 84.838455200
0.736836851 0.006552079 0.676038802 -4.575920105 -0.010679564 0.999941051 0.001948710 -0.536693573 -0.675986230 -0.008655680 0.736863375 85.093627930
0.692150593 0.005589010 0.721731424 -4.275154114 -0.010157383 0.999946475 0.001997597 -0.539607286 -0.721681595 -0.008713541 0.692170262 85.327041626
0.646152258 0.004190353 0.763197005 -3.957706451 -0.007454060 0.999971926 0.000820527 -0.546103597 -0.763172030 -0.006219101 0.646165311 85.537185669
0.600224316 0.001453787 0.799830317 -3.626060486 -0.001825041 0.999998271 -0.000448032 -0.549796999 -0.799829602 -0.001190803 0.600225866 85.717353821
0.554498613 0.003473799 0.832177281 -3.290473938 -0.003755897 0.999991536 -0.001671673 -0.555837929 -0.832176208 -0.002198632 0.554507017 85.888137817
0.502723396 0.007800798 0.864412069 -2.979198456 -0.007595758 0.999960601 -0.004606513 -0.545615137 -0.864413857 -0.004250062 0.502762854 86.113586426
0.457508326 0.010060694 0.889148355 -2.635299683 -0.008174935 0.999941468 -0.007107928 -0.549318194 -0.889167666 -0.004016794 0.457563788 86.253158569
0.415072501 0.007596146 0.909756601 -2.282970428 -0.001270283 0.999969006 -0.007769827 -0.553871989 -0.909787416 0.002069394 0.415069282 86.369110107
0.375989437 -0.000341238 0.926623821 -1.917051315 0.013743022 0.999892056 -0.005208188 -0.558582246 -0.926522017 0.014692834 0.375953555 86.455726624
0.340750605 -0.004063666 0.940145016 -1.556203842 0.018407254 0.999827802 -0.002349972 -0.560042560 -0.939973414 0.018106233 0.340766788 86.552452087
0.307556212 0.000165245 0.951529860 -1.191797256 0.015528058 0.999866068 -0.005192664 -0.564656138 -0.951403141 0.016372444 0.307512492 86.651725769
0.276792377 0.007989736 0.960896492 -0.824375153 0.004752662 0.999941647 -0.009683427 -0.577910066 -0.960917950 0.007247114 0.276738346 86.751815796
0.248603120 0.012101607 0.968529761 -0.445789337 0.000174111 0.999921322 -0.012538530 -0.594645262 -0.968605459 0.003285747 0.248581514 86.838317871
0.222623274 0.013610958 0.974809468 -0.045972824 0.001800109 0.999894977 -0.014372319 -0.607859910 -0.974902928 0.004954375 0.222575381 86.919975281
0.199348852 0.014597800 0.979819775 0.356525421 0.008925436 0.999820411 -0.016711701 -0.618989289 -0.979887962 0.012076779 0.199182764 86.972747803
0.179412961 0.020866819 0.983552575 0.767555237 0.015668139 0.999587536 -0.024065094 -0.618495166 -0.983649135 0.019728027 0.179012030 87.018745422
0.159715205 0.028120589 0.986762583 1.189536095 0.017649168 0.999352992 -0.031336050 -0.613967419 -0.987005413 0.022420380 0.159115583 87.074295044
0.141718999 0.028737130 0.989489853 1.634176254 0.016918240 0.999362171 -0.031446956 -0.621387720 -0.989762485 0.021197051 0.141142398 87.142471313
0.126453564 0.024207424 0.991677105 2.088906288 0.014729649 0.999546111 -0.026277758 -0.646018982 -0.991863191 0.017929971 0.126039594 87.192283630
0.111957505 0.021189075 0.993487120 2.562433243 0.014447636 0.999632120 -0.022948267 -0.664795041 -0.993607998 0.016922764 0.111610204 87.240539551
0.098781332 0.018777829 0.994931936 3.041831970 0.017781245 0.999629080 -0.020631880 -0.675599337 -0.994950294 0.019729173 0.098410770 87.276176453
0.087171547 0.017864086 0.996033192 3.535783291 0.021100039 0.999581873 -0.019774379 -0.689745188 -0.995969892 0.022740101 0.086758167 87.306182861
0.076876506 0.018433454 0.996870220 4.050291061 0.024173055 0.999500811 -0.020346267 -0.703811765 -0.996747613 0.025661550 0.076392531 87.339767456
0.069002807 0.019081850 0.997433960 4.579425335 0.026306180 0.999434590 -0.020939996 -0.714829683 -0.997269690 0.027683595 0.068461820 87.370880127
0.063673653 0.019215452 0.997785747 5.121789932 0.028314676 0.999377370 -0.021053001 -0.730869353 -0.997568965 0.029592497 0.063089922 87.396835327
0.057969354 0.020306097 0.998111784 5.683316708 0.029604550 0.999318480 -0.022050047 -0.744387925 -0.997879326 0.030826880 0.057328690 87.426750183
0.052116513 0.020815259 0.998423994 6.263710022 0.030034391 0.999297798 -0.022401234 -0.761530399 -0.998189211 0.031154536 0.051454742 87.452461243
0.047538213 0.020701602 0.998654842 6.866276264 0.032602735 0.999220312 -0.022265285 -0.777995825 -0.998337090 0.033617333 0.046826217 87.477966309
0.044689756 0.020958444 0.998780966 7.484238148 0.033642326 0.999181271 -0.022472141 -0.789412379 -0.998434365 0.034605585 0.043948069 87.500526428
0.041563775 0.020456564 0.998926461 8.118982315 0.034676582 0.999158502 -0.021904157 -0.806020141 -0.998533845 0.035549764 0.040819440 87.524459839
0.039181147 0.019692404 0.999038041 8.772984505 0.036789361 0.999099553 -0.021136457 -0.824954927 -0.998554647 0.037582126 0.038421396 87.547843933
0.038554102 0.019159418 0.999072790 9.442800522 0.041688316 0.998914897 -0.020765133 -0.842500448 -0.998386502 0.042450253 0.037713543 87.563812256
0.039736956 0.018742092 0.999034405 10.134298325 0.045261409 0.998764098 -0.020537309 -0.856854856 -0.998184502 0.046033792 0.038839553 87.585441589
0.041993294 0.018674463 0.998943269 10.840701103 0.046768755 0.998692632 -0.020635828 -0.873831391 -0.998022735 0.047585908 0.041065004 87.615531921
0.045750167 0.018997686 0.998772204 11.547182083 0.048596103 0.998593032 -0.021220287 -0.890649676 -0.997770131 0.049507268 0.044762585 87.647148132
0.050229035 0.018489031 0.998566508 12.290416718 0.049011327 0.998578370 -0.020954572 -0.909509420 -0.997534394 0.049993586 0.049251452 87.685470581
0.054284770 0.016852457 0.998383284 13.045837402 0.050635826 0.998524666 -0.019608049 -0.926644206 -0.997240722 0.051618364 0.053351335 87.726844788
0.058028750 0.015383361 0.998196363 13.806910515 0.050195131 0.998571634 -0.018307170 -0.945702791 -0.997052193 0.051166922 0.057173692 87.777961731
0.062197030 0.012828185 0.997981369 14.588563919 0.047509987 0.998745739 -0.015798965 -0.967822790 -0.996932387 0.048396740 0.061509561 87.830848694
0.065979898 0.011847266 0.997750521 15.381495476 0.046853121 0.998789728 -0.014957938 -0.984763503 -0.996720314 0.047734659 0.065344974 87.896232605
0.069893025 0.012705958 0.997473478 16.181425095 0.043993358 0.998906851 -0.015806828 -1.005672455 -0.996583939 0.044986989 0.069257647 87.963447571
0.073448502 0.016826369 0.997157037 16.980213165 0.041381203 0.998945177 -0.019904593 -1.029345274 -0.996440053 0.042725518 0.072674736 88.010269165
0.074991480 0.022471955 0.996930957 17.780075073 0.035589691 0.999048889 -0.025196839 -1.047813416 -0.996548772 0.037370015 0.074120380 88.077522278
0.074735530 0.025254050 0.996883571 18.588443756 0.032833457 0.999074996 -0.027771063 -1.077595234 -0.996662736 0.034806609 0.073837213 88.147613525
0.074977644 0.025281521 0.996864617 19.412899017 0.030157018 0.999163926 -0.027608039 -1.102505803 -0.996729076 0.032132458 0.074152529 88.216331482
0.075213388 0.023263926 0.996896029 20.226938248 0.027184574 0.999308407 -0.025371231 -1.136881113 -0.996796787 0.029008452 0.074528947 88.283096313
0.074658804 0.022399452 0.996957541 21.046085358 0.028156852 0.999301732 -0.024560694 -1.161416769 -0.996811509 0.029904859 0.073975973 88.354530334
0.074753165 0.021613183 0.996967793 21.873109818 0.025747497 0.999390006 -0.023596251 -1.197432637 -0.996869564 0.027433312 0.074151076 88.426063538
0.075006470 0.021799186 0.996944785 22.687204361 0.023908814 0.999434412 -0.023652434 -1.229714870 -0.996896267 0.025609855 0.074442856 88.493164062
0.074824907 0.022545327 0.996941745 23.493415833 0.021080961 0.999485195 -0.024185071 -1.259377599 -0.996973872 0.022826133 0.074311107 88.563674927
0.073823102 0.023766041 0.996988058 24.316978455 0.018596034 0.999509275 -0.025203109 -1.290249109 -0.997097909 0.020400597 0.073344916 88.626251221
0.071034431 0.023586651 0.997194946 25.131435394 0.015471920 0.999573946 -0.024745058 -1.318004131 -0.997353733 0.017186275 0.070639253 88.692405701
0.067023911 0.022467714 0.997498393 25.941217422 0.012939975 0.999642730 -0.023385473 -1.347078323 -0.997667432 0.014474989 0.066709235 88.756011963
0.062278204 0.020037068 0.997857690 26.779071808 0.011119058 0.999722421 -0.020768477 -1.375750899 -0.997996867 0.012388660 0.062038139 88.809646606
0.055974945 0.017873859 0.998272300 27.589218140 0.008766631 0.999792337 -0.018392637 -1.405646920 -0.998393655 0.009781010 0.055806644 88.860031128
0.048757613 0.018438302 0.998640478 28.396226883 0.008543077 0.999785304 -0.018876549 -1.428878307 -0.998774052 0.009451836 0.048589624 88.898147583
0.040430646 0.018997805 0.999001622 29.218664169 0.007997663 0.999781013 -0.019336298 -1.461013913 -0.999150336 0.008771458 0.040269848 88.924736023
0.030201655 0.019483991 0.999353886 30.020986557 0.008191420 0.999771535 -0.019739691 -1.484464645 -0.999510229 0.008782297 0.030035151 88.951057434
0.020017384 0.018599853 0.999626577 30.823345184 0.010116323 0.999771953 -0.018805139 -1.508971930 -0.999748409 0.010488974 0.019824650 88.966362000
0.009308640 0.017810788 0.999798000 31.629810333 0.009417269 0.999795437 -0.017898418 -1.533303261 -0.999912322 0.009581977 0.009139006 88.970581055
-0.001540358 0.017343692 0.999848366 32.419574738 0.010896961 0.999790490 -0.017325897 -1.555018425 -0.999939382 0.010868620 -0.001729031 88.964660645
-0.012747796 0.017472247 0.999766111 33.211761475 0.011402648 0.999784946 -0.017327182 -1.581996083 -0.999853671 0.011179097 -0.012944284 88.952316284
-0.023772506 0.018048657 0.999554455 33.992053986 0.011603191 0.999774635 -0.017776679 -1.606604576 -0.999650002 0.011175424 -0.023976576 88.931503296
-0.034532983 0.019110654 0.999220908 34.773658752 0.011061900 0.999763250 -0.018738724 -1.632333636 -0.999342442 0.010406176 -0.034736205 88.903640747
-0.044952150 0.020173950 0.998785436 35.541442871 0.011625295 0.999738991 -0.019669989 -1.655022383 -0.998921573 0.010726965 -0.045174941 88.870384216
-0.054279760 0.020860061 0.998307824 36.298011780 0.012640231 0.999716043 -0.020202214 -1.682435513 -0.998445749 0.011522272 -0.054528013 88.822502136
-0.064233586 0.021460891 0.997704089 37.098861694 0.013395230 0.999697208 -0.020641362 -1.708594322 -0.997844934 0.012038608 -0.064501628 88.779914856
-0.073639467 0.021945545 0.997043490 37.839015961 0.014151514 0.999680161 -0.020958384 -1.732585192 -0.997184575 0.012566308 -0.073926494 88.725486755
-0.082238704 0.021359183 0.996383727 38.570980072 0.015333965 0.999679089 -0.020164201 -1.757385254 -0.996494651 0.013620239 -0.082539842 88.659553528
-0.089232475 0.020168969 0.995806456 39.325721741 0.016902480 0.999681532 -0.018732851 -1.785425067 -0.995867372 0.015160022 -0.089544967 88.582366943
-0.094616912 0.018562797 0.995340586 40.051429749 0.019629110 0.999666512 -0.016777532 -1.809939623 -0.995320141 0.017950216 -0.094949737 88.515342712
-0.098342940 0.017083354 0.995005786 40.761070251 0.022871548 0.999627292 -0.014902151 -1.830681801 -0.994889617 0.021291805 -0.098697029 88.437385559
-0.100990005 0.015782598 0.994762182 41.488296509 0.024668204 0.999606431 -0.013355094 -1.852875710 -0.994581580 0.023190266 -0.101339608 88.360870361
-0.102866590 0.014708159 0.994586408 42.176677704 0.024724487 0.999619544 -0.012225424 -1.875550389 -0.994387925 0.023333050 -0.103191115 88.294181824
-0.103784658 0.015332909 0.994481504 42.846717834 0.025887942 0.999584079 -0.012709896 -1.891930819 -0.994262874 0.024425991 -0.104138434 88.226295471
-0.102542430 0.016671387 0.994588852 43.539012909 0.026674032 0.999545991 -0.014004380 -1.906758785 -0.994370878 0.025093654 -0.102940574 88.148551941
-0.099480085 0.018500613 0.994867504 44.173976898 0.027986897 0.999483526 -0.015787952 -1.922439337 -0.994645894 0.026272668 -0.099946462 88.088958740
-0.094294049 0.018860634 0.995365620 44.787986755 0.027812511 0.999480188 -0.016303828 -1.944526196 -0.995155752 0.026146267 -0.094769597 88.032463074
-0.086308055 0.019545702 0.996076703 45.379428864 0.027323006 0.999477804 -0.017244957 -1.966318607 -0.995893836 0.025727434 -0.086797036 87.988563538
-0.075491421 0.019576732 0.996954203 45.989353180 0.026159409 0.999502003 -0.017645912 -1.987025738 -0.996803224 0.024747623 -0.075965934 87.953330994
-0.061773650 0.019790377 0.997893929 46.542083740 0.025438260 0.999509752 -0.018247690 -2.009798050 -0.997765899 0.024257459 -0.062246807 87.928291321
-0.044635594 0.020910252 0.998784423 47.074878693 0.024729997 0.999497652 -0.019820005 -2.033380985 -0.998697162 0.023815261 -0.045130275 87.918327332
-0.023148980 0.023522059 0.999455214 47.605781555 0.022828979 0.999474883 -0.022993768 -2.054282665 -0.999471307 0.022284262 -0.023673803 87.920936584
0.001472413 0.026565837 0.999645948 48.147712708 0.021502409 0.999415159 -0.026591370 -2.076807737 -0.999767661 0.021533953 0.000900324 87.933677673
0.029683648 0.028120417 0.999163628 48.663253784 0.019315895 0.999401450 -0.028700953 -2.099931240 -0.999372721 0.020151693 0.029122708 87.969947815
0.063139796 0.027833005 0.997616470 49.164863586 0.017492615 0.999426663 -0.028990630 -2.117372751 -0.997851312 0.019281387 0.062616713 88.020309448
0.100684762 0.025605556 0.994588733 49.696849823 0.017104521 0.999476552 -0.027462916 -2.134669781 -0.994771361 0.019777065 0.100194074 88.096969604
0.142694026 0.021918988 0.989524066 50.178222656 0.014517649 0.999600947 -0.024235711 -2.153935909 -0.989660382 0.017823854 0.142318860 88.189422607
0.188910395 0.017420173 0.981839776 50.666229248 0.011870015 0.999729097 -0.020021413 -2.178760529 -0.981922567 0.015436708 0.188652456 88.294952393
0.237354130 0.014558863 0.971314073 51.143768311 0.007375796 0.999831796 -0.016788691 -2.193601608 -0.971395195 0.011149080 0.237206846 88.447052002
0.287623078 0.013555697 0.957647562 51.634719849 0.004119671 0.999873042 -0.015390721 -2.204813480 -0.957734764 0.008371921 0.287530750 88.634613037
0.342519611 0.013547563 0.939412832 52.085529327 0.003367445 0.999871910 -0.015647266 -2.216976643 -0.939504683 0.008522916 0.342430145 88.829063416
0.400072277 0.013881177 0.916378379 52.528964996 0.005936621 0.999825060 -0.017737025 -2.230728149 -0.916464269 0.012536284 0.399919957 89.053237915
0.455225855 0.017508326 0.890203834 52.914863586 0.007470880 0.999696314 -0.023482203 -2.239453077 -0.890344620 0.017340312 0.454956830 89.346069336
0.514737725 0.020197690 0.857109785 53.309326172 0.008810429 0.999544978 -0.028845271 -2.262597799 -0.857302368 0.022399252 0.514325619 89.622329712
0.571949363 0.024262156 0.819930077 53.659374237 0.005177436 0.999435723 -0.033185385 -2.274905682 -0.820272565 0.023225494 0.571501017 89.923583984
0.628276706 0.027272895 0.777511775 54.001667023 0.001363199 0.999345183 -0.036155727 -2.283869267 -0.777988732 0.023775700 0.627828121 90.239059448
0.680010498 0.028363818 0.732653499 54.310367584 -0.000590063 0.999272346 -0.038137991 -2.303084612 -0.733202040 0.025501927 0.679532468 90.593360901
0.729367793 0.026048308 0.683625638 54.613212585 -0.000926907 0.999311686 -0.037088018 -2.325145721 -0.684121192 0.026417144 0.728890002 90.952560425
0.774015844 0.023417162 0.632733047 54.869789124 -0.003571280 0.999461472 -0.032620896 -2.333860874 -0.633156121 0.022989422 0.773682475 91.337783813
0.815223157 0.018693812 0.578844965 55.114192963 -0.004411221 0.999650419 -0.026071135 -2.345331192 -0.579129994 0.018700382 0.815020621 91.743759155
0.851401508 0.016834592 0.524244189 55.321830750 -0.007452652 0.999772251 -0.020001287 -2.356663465 -0.524461389 0.013122116 0.851332963 92.165939331
0.881896317 0.012306090 0.471282482 55.499805450 -0.007329592 0.999896348 -0.012393573 -2.375938177 -0.471386135 0.007475541 0.881895185 92.592239380
0.907091796 0.013153145 0.420727134 55.653053284 -0.011137817 0.999911726 -0.007246885 -2.386577368 -0.420785248 0.001887610 0.907158256 93.026107788
0.926899850 0.015273934 0.374997646 55.783515930 -0.015074547 0.999880373 -0.003465379 -2.404252529 -0.375005722 -0.002440860 0.927019238 93.471328735
0.941854239 0.021206232 0.335351586 55.892211914 -0.022131290 0.999754488 -0.001063285 -2.413023472 -0.335291833 -0.006420304 0.942092359 93.917297363
0.953472257 0.025778085 0.300376445 55.998249054 -0.026391633 0.999649644 -0.002015346 -2.418514967 -0.300323188 -0.006005849 0.953818560 94.368911743
0.962748885 0.026881201 0.269057631 56.114974976 -0.027394712 0.999622941 -0.001846605 -2.418198109 -0.269005895 -0.005592939 0.963122249 94.829055786
0.968767166 0.021471759 0.247040898 56.227085114 -0.021695083 0.999762952 -0.001818284 -2.424290180 -0.247021437 -0.003598079 0.969003260 95.296371460
0.972664893 0.018359149 0.231486231 56.330047607 -0.018615661 0.999826133 -0.001076327 -2.435314417 -0.231465787 -0.003262366 0.972837567 95.777664185
0.975428581 0.023257589 0.219084725 56.420997620 -0.023488620 0.999722898 -0.001550402 -2.439631701 -0.219060034 -0.003633693 0.975704551 96.276710510
0.977373004 0.028670251 0.209571242 56.508789062 -0.029131390 0.999575138 -0.000886779 -2.442195654 -0.209507674 -0.005238389 0.977792978 96.782669067
0.978423238 0.036721747 0.203321248 56.599327087 -0.037014272 0.999311864 -0.002365006 -2.444308519 -0.203268170 -0.005211811 0.979109228 97.296348572
0.978843987 0.041632075 0.200327858 56.694686890 -0.041295145 0.999129891 -0.005862118 -2.449134111 -0.200397566 -0.002534469 0.979711354 97.809707642
0.978954613 0.043148607 0.199464649 56.798988342 -0.042374872 0.999068558 -0.008148558 -2.464184046 -0.199630454 -0.000475222 0.979871154 98.342414856
0.978469551 0.041804250 0.202113390 56.909023285 -0.040272675 0.999120295 -0.011686007 -2.475029945 -0.202424094 0.003294755 0.979292393 98.883117676
0.977737010 0.040832393 0.205823213 57.029640198 -0.037850764 0.999113917 -0.018404746 -2.482570171 -0.206392333 0.010204435 0.978416085 99.430526733
0.976917207 0.040070754 0.209826097 57.157585144 -0.035982218 0.999081492 -0.023268323 -2.486006260 -0.210565746 0.015181218 0.977461755 99.989196777
0.975789964 0.044668034 0.214099586 57.279891968 -0.040700186 0.998908758 -0.022907378 -2.498456478 -0.214889184 0.013638902 0.976543128 100.567420959
0.974340796 0.048146646 0.219867572 57.402221680 -0.045080416 0.998803675 -0.018944867 -2.513383389 -0.220516667 0.008547037 0.975345671 101.162467957
0.973379791 0.045076914 0.224721417 57.541725159 -0.042948138 0.998974204 -0.014354773 -2.526917219 -0.225137979 0.004321279 0.974317312 101.766571045
0.972720921 0.040482976 0.228418306 57.697792053 -0.039566737 0.999180019 -0.008591172 -2.542766333 -0.228578776 -0.000680953 0.973525167 102.391609192
0.971890032 0.038208555 0.232314184 57.847923279 -0.038361695 0.999256492 -0.003860290 -2.556129694 -0.232288942 -0.005160189 0.972633123 103.025619507
0.971332133 0.033427607 0.235364392 58.002712250 -0.033637181 0.999429166 -0.003125583 -2.566488266 -0.235334516 -0.004881015 0.971902192 103.659996033
0.971344829 0.030130377 0.235756651 58.159862518 -0.029464414 0.999545634 -0.006347976 -2.575844765 -0.235840797 -0.000780359 0.971791387 104.302001953
0.971541464 0.029115239 0.235073283 58.325164795 -0.026694046 0.999552786 -0.013476017 -2.585426092 -0.235360488 0.006817452 0.971884310 104.945465088
0.971714199 0.031420171 0.234060004 58.480087280 -0.027466107 0.999419987 -0.020134753 -2.596736670 -0.234556884 0.013136510 0.972013652 105.602943420
0.972220838 0.034322273 0.231535301 58.631721497 -0.029583050 0.999276221 -0.023910733 -2.607886791 -0.232188419 0.016396992 0.972532570 106.282386780
0.972840846 0.032745764 0.229146808 58.794425964 -0.029000409 0.999385357 -0.019694163 -2.621931553 -0.229650915 0.012513936 0.973192573 106.983016968
0.973306000 0.028528547 0.227731019 58.959960938 -0.026544847 0.999578297 -0.011769399 -2.643084049 -0.227970764 0.005410142 0.973652959 107.693000793
0.973882914 0.029004756 0.225190595 59.124473572 -0.028410353 0.999579012 -0.005880314 -2.659904003 -0.225266367 -0.000671009 0.974297047 108.417175293
0.974115372 0.032705177 0.223672524 59.283294678 -0.031981271 0.999465048 -0.006859266 -2.670936108 -0.223777160 -0.000471613 0.974640191 109.151504517
0.974400043 0.038531967 0.221494302 59.435676575 -0.036884923 0.999252558 -0.011569120 -2.681250811 -0.221774504 0.003103153 0.975093007 109.887550354
0.975251555 0.039337177 0.217570245 59.595031738 -0.036539711 0.999189854 -0.016867630 -2.693805456 -0.218057498 0.008500230 0.975898921 110.628494263
0.976190031 0.037315760 0.213682994 59.762935638 -0.033857223 0.999230027 -0.019823529 -2.709232807 -0.214258179 0.012116818 0.976701856 111.384017944
0.977116048 0.035258532 0.209763736 59.927001953 -0.032156318 0.999317467 -0.018182430 -2.728007317 -0.210261643 0.011021117 0.977582991 112.157508850
0.977953672 0.031647425 0.206409961 60.090370178 -0.028957207 0.999451995 -0.016042251 -2.748226166 -0.206804529 0.009711521 0.978334069 112.938888550
0.978362143 0.030311877 0.204666913 60.250164032 -0.028225051 0.999515593 -0.013108499 -2.768511772 -0.204965055 0.007048124 0.978743911 113.730949402
0.978695333 0.026812023 0.203559577 60.419479370 -0.025113108 0.999624848 -0.010924987 -2.784193277 -0.203776091 0.005580221 0.979001701 114.530784607
0.978901148 0.021876540 0.203159884 60.588615417 -0.020293938 0.999745369 -0.009870108 -2.797325134 -0.203324020 0.005538947 0.979095817 115.333404541
0.979000330 0.022620911 0.202599883 60.749713898 -0.021400863 0.999737322 -0.008210835 -2.812972546 -0.202732354 0.003702597 0.979227185 116.141075134
0.978796184 0.028045800 0.202907383 60.912605286 -0.026561106 0.999596775 -0.010037027 -2.833458424 -0.203107089 0.004434761 0.979146421 116.973571777
0.978503466 0.033853751 0.203432709 61.073970795 -0.031798024 0.999404907 -0.013366256 -2.851103306 -0.203764185 0.006610172 0.978997648 117.789970398
0.977951586 0.042628553 0.204434842 61.229965210 -0.040369086 0.999069035 -0.015211985 -2.861064911 -0.204892978 0.006623737 0.978761911 118.626991272
0.977072358 0.048554607 0.207296953 61.390380859 -0.046526104 0.998809516 -0.014652619 -2.880881548 -0.207761645 0.004671951 0.978168249 119.457481384
0.976330042 0.051027611 0.210180685 61.557128906 -0.049507473 0.998695612 -0.012491234 -2.903622389 -0.210543945 0.001790052 0.977582753 120.292358398
0.975748122 0.051716469 0.212699160 61.741439819 -0.050047483 0.998659194 -0.013227129 -2.929577589 -0.213098034 0.002261288 0.977028131 121.135345459
0.975411296 0.050151885 0.214610308 61.920066833 -0.047801923 0.998726606 -0.016129198 -2.945619822 -0.215145931 0.005473815 0.976566434 121.965881348
0.975363016 0.043958865 0.216181695 62.107513428 -0.041735314 0.999018550 -0.014842317 -2.966141462 -0.216621995 0.005454236 0.976240218 122.810508728
0.975601196 0.037298117 0.216358617 62.300888062 -0.034595188 0.999269009 -0.016268099 -2.991100788 -0.216807276 0.008386210 0.976178348 123.645492554
0.975402415 0.036621585 0.217368200 62.493358612 -0.033926826 0.999294341 -0.016117489 -3.020914793 -0.217805102 0.008346423 0.975956619 124.493484497
0.974832177 0.039119083 0.219480991 62.674625397 -0.037068836 0.999222219 -0.013453354 -3.039717674 -0.219836578 0.004978855 0.975524008 125.343475342
0.974439085 0.041142751 0.220852241 62.853744507 -0.040462896 0.999152064 -0.007603468 -3.059551239 -0.220977843 -0.001527206 0.975277662 126.188186646
0.974055171 0.044968076 0.221798033 63.030517578 -0.045334682 0.998965919 -0.003440471 -3.080657721 -0.221723408 -0.006703937 0.975086629 127.019912720
0.973890483 0.044062529 0.222701102 63.222290039 -0.042950191 0.999028742 -0.009838068 -3.102885723 -0.222918287 0.000016148 0.974837065 127.849487305
0.974097311 0.039892528 0.222582608 63.407218933 -0.035384845 0.999080658 -0.024204768 -3.126417398 -0.223343536 0.015701748 0.974613309 128.654220581
