1.000000000 0.000000000 0.000000000 0.000000000 0.000000000 1.000000000 0.000000000 0.000000000 0.000000000 0.000000000 1.000000000 0.000000000
0.999995530 0.002977556 0.000148690 -0.016105916 -0.002977761 0.999994576 0.001391367 -0.002875907 -0.000144547 -0.001391804 0.999999046 0.785593748
0.999984562 0.005525016 0.000562050 -0.029484171 -0.005526032 0.999983072 0.001821918 -0.006952276 -0.000551974 -0.001824996 0.999998212 1.570008874
0.999977708 0.006602999 0.001016370 -0.045299139 -0.006604686 0.999976814 0.001665632 -0.013581125 -0.001005349 -0.001672307 0.999998093 2.321281195
0.999961674 0.008714531 0.000916908 -0.055670105 -0.008715699 0.999961197 0.001279161 -0.015161231 -0.000905725 -0.001287103 0.999998748 3.067469358
0.999959588 0.008850763 0.001572772 -0.071829200 -0.008852505 0.999960184 0.001104270 -0.020348907 -0.001562936 -0.001118149 0.999998152 3.789420366
0.999958873 0.008912460 0.001713439 -0.078841612 -0.008915981 0.999958098 0.002058267 -0.024631098 -0.001695023 -0.002073459 0.999996424 4.492147923
0.999949157 0.009799444 0.002401385 -0.091887429 -0.009811195 0.999939680 0.004930872 -0.028879788 -0.002352920 -0.004954183 0.999984920 5.184413910
0.999945104 0.009688806 0.003983792 -0.101429597 -0.009723107 0.999915063 0.008682557 -0.025818937 -0.003899330 -0.008720816 0.999954343 5.867733479
0.999946594 0.008979441 0.005113934 -0.101151176 -0.009040389 0.999886870 0.012022405 -0.024950087 -0.005005401 -0.012067994 0.999914587 6.514174938
0.999947488 0.008137232 0.006223683 -0.107228026 -0.008224628 0.999866068 0.014148252 -0.023851544 -0.006107723 -0.014198699 0.999880493 7.139406681
0.999937117 0.008522363 0.007289321 -0.106538922 -0.008625610 0.999861240 0.014251868 -0.028837696 -0.007166851 -0.014313847 0.999871850 7.726720810
0.999923825 0.009219544 0.008207918 -0.108358443 -0.009316085 0.999886990 0.011802476 -0.030303545 -0.008098178 -0.011878043 0.999896586 8.289359093
0.999915600 0.009172262 0.009197862 -0.114634730 -0.009251841 0.999919832 0.008647088 -0.023245327 -0.009117810 -0.008731456 0.999920309 8.826570511
0.999912500 0.007630986 0.010802900 -0.111288667 -0.007710051 0.999943614 0.007296208 -0.023413800 -0.010746615 -0.007378861 0.999915004 9.335316658
0.999913633 0.003711309 0.012607407 -0.104167573 -0.003777780 0.999979079 0.005252628 -0.025471177 -0.012587651 -0.005299802 0.999906719 9.818449974
0.999892533 0.002136353 0.014505619 -0.099500179 -0.002201555 0.999987543 0.004480478 -0.031408515 -0.014495867 -0.004511932 0.999884784 10.266044617
0.999843001 0.006244397 0.016580380 -0.103082150 -0.006282611 0.999977708 0.002253710 -0.034916073 -0.016565938 -0.002357524 0.999859989 10.682925224
0.999756098 0.010464189 0.019448640 -0.108091429 -0.010495244 0.999943793 0.001495435 -0.038740743 -0.019431900 -0.001699189 0.999809742 11.071089745
0.999683440 0.011034666 0.022607479 -0.103568643 -0.011100066 0.999934494 0.002769426 -0.044120040 -0.022575440 -0.003019493 0.999740601 11.426365852
0.999655366 0.006604815 0.025407126 -0.084916323 -0.006694202 0.999971688 0.003434788 -0.048154406 -0.025383718 -0.003603685 0.999671221 11.759274483
0.999613225 0.001723720 0.027754907 -0.067321390 -0.001812786 0.999993205 0.003184229 -0.045803305 -0.027749225 -0.003233311 0.999609649 12.053862572
0.999546349 -0.001578065 0.030078581 -0.055344880 0.001444000 0.999988854 0.004478381 -0.046908051 -0.030085314 -0.004432916 0.999537587 12.315439224
0.999466419 -0.001751884 0.032616206 -0.048910797 0.001572863 0.999983549 0.005513525 -0.048646405 -0.032625329 -0.005459282 0.999452710 12.550860405
0.999383509 -0.001013187 0.035092428 -0.051051557 0.000849412 0.999988675 0.004681580 -0.053686615 -0.035096776 -0.004648887 0.999373138 12.754455566
0.999316752 -0.000013736 0.036960453 -0.042717993 -0.000107907 0.999994516 0.003289160 -0.056400068 -0.036960296 -0.003290901 0.999311328 12.943919182
0.999217033 0.001972048 0.039516214 -0.041780949 -0.002069585 0.999994874 0.002427535 -0.058782898 -0.039511219 -0.002507416 0.999216080 13.115706444
0.999151647 0.004809456 0.040899694 -0.037175953 -0.004887313 0.999986410 0.001803852 -0.061763737 -0.040890455 -0.002002211 0.999161661 13.287075043
0.999078631 0.006504941 0.042420086 -0.032894015 -0.006530831 0.999978542 0.000471782 -0.066448070 -0.042416103 -0.000748386 0.999099731 13.451576233
0.998997092 0.005790754 0.044398032 -0.025792062 -0.005744038 0.999982774 -0.001179701 -0.068588629 -0.044404097 0.000923494 0.999013186 13.606326103
0.998939097 0.004536495 0.045826621 -0.014848650 -0.004416973 0.999986649 -0.002709055 -0.068224996 -0.045838304 0.002503766 0.998945653 13.755539894
0.998881876 0.003676099 0.047130965 -0.008169949 -0.003507138 0.999987185 -0.003667110 -0.069310971 -0.047143843 0.003497715 0.998881876 13.897271156
0.998815358 0.004535121 0.048447423 -0.002778471 -0.004288896 0.999977350 -0.005185066 -0.068461388 -0.048469845 0.004971138 0.998812258 14.033476830
0.998745263 0.005523917 0.049771819 0.000437260 -0.005173988 0.999960959 -0.007156765 -0.070569970 -0.049809411 0.006890266 0.998734951 14.162060738
0.998692751 0.005548467 0.050814502 0.003053129 -0.005069366 0.999941468 -0.009552466 -0.070310771 -0.050864533 0.009282381 0.998662412 14.282043457
0.998674929 0.004561251 0.051258832 0.014182091 -0.003969294 0.999924302 -0.011644258 -0.073288329 -0.051308062 0.011425369 0.998617530 14.406643867
0.998699129 0.003783643 0.050850771 0.019714355 -0.003102921 0.999904633 -0.013458908 -0.074012823 -0.050896842 0.013283613 0.998615623 14.536595345
0.998814881 0.003112676 0.048573386 0.030397773 -0.002412965 0.999892592 -0.014457248 -0.077904314 -0.048613168 0.014322908 0.998714983 14.672373772
0.998954773 0.003307857 0.045589082 0.030840337 -0.002607556 0.999877870 -0.015412083 -0.077921659 -0.045634486 0.015277099 0.998841405 14.802385330
0.999127865 0.003773625 0.041583214 0.030835986 -0.003082581 0.999856293 -0.016669923 -0.077926233 -0.041640148 0.016527204 0.998996019 14.932327271
0.999345183 0.003564456 0.036007404 0.027211487 -0.002932830 0.999841094 -0.017579181 -0.083016515 -0.036064334 0.017462067 0.999196947 15.054833412
0.999562621 0.003632779 0.029349236 0.026571989 -0.003092495 0.999825299 -0.018433239 -0.081788436 -0.029411072 0.018334417 0.999399185 15.184647560
0.999739647 0.003904188 0.022475880 0.015381128 -0.003470601 0.999807715 -0.019298000 -0.081376687 -0.022546891 0.019214973 0.999561191 15.314818382
0.999889016 0.003295601 0.014529452 0.009259298 -0.003003189 0.999793410 -0.020101575 -0.083752394 -0.014592692 0.020055708 0.999692380 15.454085350
0.999986470 0.002310141 0.004655149 -0.003473602 -0.002211056 0.999773204 -0.021178681 -0.085233703 -0.004703019 0.021168102 0.999764860 15.592681885
0.999965012 0.000584718 -0.008335497 -0.011275038 -0.000775405 0.999737561 -0.022891721 -0.084491789 0.008319926 0.022897385 0.999703228 15.737717628
0.999708831 -0.000542253 -0.024124596 -0.035899192 -0.000056931 0.999691725 -0.024829444 -0.085329890 0.024130624 0.024823591 0.999400556 15.895658493
0.999089539 -0.000170700 -0.042662539 -0.073480725 -0.000921628 0.999672234 -0.025582943 -0.089963704 0.042652927 0.025598969 0.998761952 16.065883636
0.997969627 0.000126498 -0.063691348 -0.106725216 -0.001734467 0.999681056 -0.025191600 -0.094580114 0.063667871 0.025250923 0.997651577 16.245780945
0.996212840 0.000283089 -0.086947687 -0.153037786 -0.002368402 0.999711931 -0.023881320 -0.098860979 0.086915880 0.023996806 0.995926559 16.453632355
0.993521392 0.000959938 -0.113641828 -0.207065344 -0.003533463 0.999741793 -0.022446664 -0.100978404 0.113590933 0.022702789 0.993268251 16.692056656
0.989682317 0.001878526 -0.143267602 -0.274513721 -0.004819100 0.999784768 -0.020180807 -0.107171059 0.143198833 0.020663006 0.989478290 16.931951523
0.984528840 0.001414613 -0.175216585 -0.368252754 -0.004472050 0.999844551 -0.017055858 -0.108061612 0.175165206 0.017575566 0.984382212 17.186929703
0.977506638 0.002198373 -0.210893095 -0.458464861 -0.005121234 0.999898195 -0.013314287 -0.107350662 0.210842341 0.014094838 0.977418482 17.441514969
0.968196034 0.003262139 -0.250171512 -0.571494102 -0.005548805 0.999949038 -0.008435648 -0.105181083 0.250131220 0.009555514 0.968164802 17.722469330
0.956696570 0.006840762 -0.291006655 -0.696971416 -0.008211141 0.999960244 -0.003488170 -0.109608702 0.290971220 0.005726618 0.956714690 17.992822647
0.943119705 0.009494623 -0.332317621 -0.827383518 -0.009844569 0.999951363 0.000630579 -0.108026408 0.332307398 0.002676813 0.943167329 18.260429382
0.926973224 0.011401997 -0.374954104 -0.983526707 -0.009899488 0.999933422 0.005933196 -0.107521407 0.374996811 -0.001788061 0.927024364 18.547208786
0.908391476 0.014507826 -0.417869210 -1.164758682 -0.009748921 0.999861002 0.013520920 -0.112368405 0.418007284 -0.008208514 0.908406615 18.844245911
0.887192905 0.018138893 -0.461042106 -1.361832142 -0.010311729 0.999756813 0.019490609 -0.105643094 0.461283475 -0.012537787 0.887164235 19.141529083
0.863033473 0.022679988 -0.504637241 -1.549435139 -0.012382077 0.999641240 0.023751125 -0.104032040 0.504994810 -0.014249558 0.863004684 19.410902023
0.835520148 0.025512017 -0.548867226 -1.765223980 -0.012764243 0.999553084 0.027029917 -0.103808910 0.549311519 -0.015578162 0.835472405 19.693775177
0.805161476 0.028626235 -0.592364311 -2.016942978 -0.014774475 0.999492526 0.028218905 -0.093822151 0.592871666 -0.013968898 0.805175781 19.976963043
0.771429837 0.030180663 -0.635598183 -2.292185783 -0.014131350 0.999440789 0.030306000 -0.074748576 0.636157393 -0.014397090 0.771424890 20.273422241
0.735645890 0.033638906 -0.676530480 -2.623840332 -0.014988719 0.999330103 0.033390917 -0.053173840 0.677200437 -0.014423567 0.735657215 20.578319550
0.697125793 0.033923395 -0.716145754 -2.962027550 -0.011677799 0.999284804 0.035967864 -0.035736263 0.716853738 -0.016711125 0.697023332 20.868326187
0.656442642 0.032822125 -0.753661573 -3.324130058 -0.008862114 0.999319673 0.035801645 -0.006594777 0.754323900 -0.016822692 0.656286836 21.148685455
0.616474271 0.031720310 -0.786735833 -3.721305847 -0.003520617 0.999289215 0.037531532 0.006706893 0.787367165 -0.020367423 0.616147757 21.393970490
0.572147787 0.031169361 -0.819558024 -4.141517639 0.001928697 0.999223650 0.039348841 0.026718199 0.820148289 -0.024094028 0.571643472 21.661626816
0.526068389 0.031806260 -0.849847257 -4.598175049 0.004187750 0.999191344 0.039987870 0.057175696 0.850431979 -0.024595300 0.525509775 21.905992508
0.478486210 0.031354804 -0.877535105 -5.081497192 0.004581668 0.999259531 0.038202289 0.086546719 0.878083110 -0.022299839 0.477988183 22.112174988
0.427744567 0.029812314 -0.903407872 -5.586265564 0.010053240 0.999237239 0.037734658 0.112028480 0.903843701 -0.025222970 0.427118659 22.307806015
0.375232399 0.028511653 -0.926492155 -6.097331524 0.015341370 0.999198914 0.036962420 0.136627376 0.926803768 -0.028083157 0.374494433 22.480260849
0.322565854 0.027124342 -0.946158350 -6.650763988 0.018067658 0.999230802 0.034805477 0.166447550 0.946374536 -0.028321926 0.321827650 22.628332138
0.270574063 0.032523628 -0.962149680 -7.239279747 0.019352412 0.999043465 0.039213002 0.198919326 0.962504625 -0.029229939 0.269685864 22.752786636
0.221534923 0.037423272 -0.974434078 -7.855054855 0.021697581 0.998826742 0.043292962 0.226090997 0.974911034 -0.030733770 0.220463023 22.850009918
0.174509048 0.038548205 -0.983900726 -8.482755661 0.026605258 0.998683989 0.043846227 0.258019805 0.984296143 -0.033828493 0.173253834 22.927270889
0.130771935 0.039700985 -0.990617275 -9.101634979 0.029990962 0.998582184 0.043979321 0.276851237 0.990958750 -0.035460826 0.129395887 22.982725143
0.091201022 0.038068116 -0.995104671 -9.759739876 0.029868877 0.998714924 0.040943705 0.306264669 0.995384455 -0.033456758 0.089946777 23.009084702
0.056334797 0.033675764 -0.997843862 -10.422413826 0.027057737 0.999012411 0.035242788 0.344950855 0.998045206 -0.028984793 0.055367980 23.011978149
0.028616561 0.033725973 -0.999021411 -11.119659424 0.024901349 0.999096453 0.034441791 0.379806072 0.999280274 -0.025862589 0.027750885 22.998468399
0.008227535 0.037676521 -0.999256134 -11.835302353 0.023090528 0.999016345 0.037857603 0.413958400 0.999699533 -0.023384826 0.007349469 22.971401215
-0.004717698 0.043628648 -0.999036610 -12.578973770 0.025033038 0.998739839 0.043497477 0.445477545 0.999675512 -0.024803717 -0.005803911 22.962108612
-0.012413284 0.046148680 -0.998857498 -13.341444016 0.024534954 0.998647630 0.045834091 0.480914354 0.999621809 -0.023937974 -0.013528753 22.934331894
-0.016195051 0.043377820 -0.998927474 -14.123762131 0.025695285 0.998746574 0.042953391 0.516518354 0.999538600 -0.024972090 -0.017289357 22.908887863
-0.015406280 0.039461583 -0.999102354 -14.918613434 0.033015661 0.998696089 0.038936444 0.553684950 0.999335945 -0.032386154 -0.016689042 22.891998291
-0.011313764 0.037765481 -0.999222577 -15.736615181 0.045086414 0.998289466 0.037219722 0.598577499 0.998918951 -0.044630270 -0.012997122 22.892412186
-0.005593600 0.037927549 -0.999264836 -16.575756073 0.045409478 0.998259246 0.037635189 0.636244833 0.998952806 -0.045165576 -0.007306133 22.878143311
-0.000552313 0.036771204 -0.999323547 -17.432083130 0.043618195 0.998373449 0.036712144 0.664341629 0.999048114 -0.043568417 -0.002155308 22.858781815
0.002188549 0.030184658 -0.999541938 -18.306219101 0.047396246 0.998417914 0.030254489 0.704116881 0.998873711 -0.047440756 0.000754447 22.865251541
0.004440516 0.019628093 -0.999797404 -19.206256866 0.044836234 0.998797953 0.019807603 0.740789592 0.998984396 -0.044915114 0.003555128 22.853418350
0.005288985 0.011561592 -0.999919057 -20.115198135 0.037345555 0.999233365 0.011751196 0.765467525 0.999288321 -0.037404690 0.004853155 22.826726913
0.004081781 0.008608487 -0.999954581 -21.053064346 0.031639885 0.999461114 0.008733393 0.793653131 0.999490976 -0.031674094 0.003807210 22.805551529
0.000511212 0.015149540 -0.999885082 -22.021949768 0.022268260 0.999637127 0.015157166 0.806629539 0.999751925 -0.022273449 0.000173672 22.778873444
-0.004315232 0.023119427 -0.999723315 -23.011814117 0.017537568 0.999580681 0.023040429 0.834168255 0.999836922 -0.017433291 -0.004718882 22.744989395
-0.008841966 0.032587275 -0.999429762 -24.021493912 0.016071361 0.999344409 0.032442309 0.867181301 0.999831736 -0.015775342 -0.009359892 22.714662552
-0.010645832 0.042337559 -0.999046624 -25.072492599 0.014963433 0.998998165 0.042176060 0.909410477 0.999831378 -0.014500168 -0.011268679 22.695451736
-0.011626585 0.050263442 -0.998668313 -26.114645004 0.016810723 0.998604536 0.050064519 0.952590585 0.999791145 -0.016206251 -0.012455325 22.668666840
-0.012805016 0.050956462 -0.998618782 -27.155027390 0.017598031 0.998557508 0.050727677 1.007791042 0.999763250 -0.016924158 -0.013683275 22.637298584
-0.014978143 0.048144836 -0.998728037 -28.181383133 0.016548216 0.998715162 0.047896046 1.059153914 0.999750853 -0.015809773 -0.015755611 22.612874985
-0.017548241 0.043260708 -0.998909593 -29.220600128 0.016120166 0.998945773 0.042979091 1.108278632 0.999716103 -0.015348382 -0.018227112 22.574871063
-0.022204021 0.038193285 -0.999023736 -30.263799667 0.016178176 0.999152839 0.037838656 1.153999329 0.999622583 -0.015322211 -0.022803109 22.532396317
-0.027450277 0.033864606 -0.999049366 -31.317022324 0.016169550 0.999310374 0.033429172 1.190997720 0.999492407 -0.015236540 -0.027978923 22.483917236
-0.033960164 0.031942721 -0.998912513 -32.362636566 0.015294630 0.999388695 0.031437971 1.232199669 0.999306083 -0.014210361 -0.034427956 22.419105530
-0.040513046 0.034423824 -0.998585761 -33.421356201 0.015587989 0.999306500 0.033816256 1.270812154 0.999057412 -0.014195946 -0.041021556 22.356004715
-0.046811402 0.038949665 -0.998144090 -34.535102844 0.014022068 0.999166667 0.038331956 1.316098213 0.998805344 -0.012201669 -0.047318555 22.289342880
-0.052963872 0.041921262 -0.997716129 -35.619232178 0.011192693 0.999080539 0.041384432 1.357514858 0.998533666 -0.008975250 -0.053384386 22.209079742
-0.057334501 0.043791790 -0.997394025 -36.711494446 0.007839506 0.999026477 0.043412805 1.409935832 0.998324275 -0.005330027 -0.057621986 22.120981216
-0.060282558 0.045539141 -0.997142017 -37.815624237 0.003883413 0.998961866 0.045387492 1.456315637 0.998173714 -0.001136241 -0.060396835 22.042549133
-0.061615646 0.046519987 -0.997015238 -38.910533905 -0.000336344 0.998912215 0.046629287 1.512535095 0.998099923 0.003208434 -0.061532971 21.944398880
-0.063062944 0.046333976 -0.996933401 -40.005229950 -0.001424185 0.998916447 0.046516236 1.557039261 0.998008549 0.004353268 -0.062928632 21.853111267
-0.064416558 0.045566183 -0.996882200 -41.106689453 -0.001991998 0.998949111 0.045789365 1.607929468 0.997921050 0.004935381 -0.064258099 21.761322021
-0.065600365 0.044941891 -0.996833324 -42.203296661 -0.002896321 0.998972476 0.045228928 1.657351732 0.997841716 0.005854186 -0.065402791 21.674007416
-0.066510655 0.043823458 -0.996822834 -43.322841644 -0.005034447 0.999007583 0.044255417 1.712457538 0.997772992 0.007961908 -0.066224031 21.582355499
-0.067293763 0.041688010 -0.996861935 -44.426208496 -0.009600610 0.999053359 0.042427756 1.756518006 0.997687042 0.012425605 -0.066829830 21.482467651
-0.067483030 0.036812682 -0.997041166 -45.540439606 -0.014397693 0.999179125 0.037866112 1.802695394 0.997616529 0.016910411 -0.066897608 21.384365082
-0.066458613 0.036123000 -0.997135162 -46.665237427 -0.016309090 0.999171615 0.037283767 1.852581620 0.997655928 0.018740192 -0.065814413 21.281005859
-0.065152548 0.040504888 -0.997052908 -47.801105499 -0.017303238 0.998979747 0.041713849 1.891952872 0.997725308 0.019970007 -0.064385213 21.195255280
-0.063008271 0.043733999 -0.997054279 -48.925647736 -0.017651554 0.998834252 0.044927560 1.936138272 0.997856915 0.020430369 -0.062162839 21.101854324
-0.061380755 0.043218460 -0.997178316 -50.060153961 -0.015618200 0.998898208 0.044254370 1.992212653 0.997992218 0.018290497 -0.060638130 21.012849808
-0.059082966 0.042193752 -0.997360945 -51.197521210 -0.015453844 0.998947918 0.043176364 2.051079988 0.998133421 0.017964052 -0.058368754 20.932489395
-0.055023782 0.042590547 -0.997576237 -52.335754395 -0.020115906 0.998839736 0.043754026 2.105906010 0.998282313 0.022474665 -0.054103199 20.845577240
-0.049476612 0.043848798 -0.997812212 -53.486312866 -0.024904566 0.998671055 0.045121424 2.150546789 0.998464704 0.027082540 -0.048318826 20.762559891
-0.043781031 0.043387163 -0.998098552 -54.633956909 -0.028779972 0.998587132 0.044670817 2.204465628 0.998626530 0.030680990 -0.042470492 20.688447952
-0.038182005 0.042374767 -0.998371899 -55.793094635 -0.030286396 0.998592377 0.043542396 2.265406847 0.998811722 0.031899624 -0.036844883 20.624223709
-0.032301623 0.041144583 -0.998630881 -56.953029633 -0.030326532 0.998651862 0.042126387 2.323508024 0.999017954 0.031645764 -0.031010307 20.567705154
-0.027198413 0.041114479 -0.998784125 -58.113265991 -0.028237704 0.998723507 0.041880935 2.371974230 0.999231100 0.029342465 -0.026002720 20.518844604
-0.022063460 0.041745853 -0.998884618 -59.272483826 -0.027453374 0.998725772 0.042345613 2.423815489 0.999379575 0.028357042 -0.020889286 20.478952408
-0.016139267 0.043423958 -0.998926282 -60.451614380 -0.026582589 0.998684704 0.043842934 2.470709801 0.999516249 0.027261641 -0.014963719 20.442665100
-0.010785092 0.044501577 -0.998951077 -61.625148773 -0.026970487 0.998632729 0.044778585 2.525470972 0.999577999 0.027425140 -0.009570116 20.416271210
-0.005625143 0.043654911 -0.999030828 -62.803386688 -0.026443861 0.998690724 0.043788947 2.577195406 0.999634445 0.026664559 -0.004463371 20.392683029
-0.001151982 0.039850596 -0.999204993 -63.984249115 -0.026470844 0.998854280 0.039867133 2.615066051 0.999648869 0.026495731 -0.000095784 20.376209259
0.003151651 0.034572296 -0.999397218 -65.158760071 -0.026452351 0.999055266 0.034477051 2.662773848 0.999645114 0.026327746 0.004063193 20.366653442
0.006876000 0.034401111 -0.999384463 -66.355957031 -0.025990075 0.999076605 0.034211688 2.698747158 0.999638557 0.025738835 0.007763736 20.354154587
0.010315975 0.036594734 -0.999276936 -67.550674438 -0.025250597 0.999020994 0.036324684 2.742529392 0.999627948 0.024857612 0.011229913 20.346960068
0.011918657 0.036369167 -0.999267280 -68.745895386 -0.025363743 0.999027789 0.036057930 2.785084009 0.999607205 0.024915401 0.012829529 20.349861145
0.012843532 0.036248837 -0.999260306 -69.939659119 -0.027209092 0.998985291 0.035889145 2.832108259 0.999547303 0.026728023 0.013816800 20.345638275
0.013718891 0.037162542 -0.999215066 -71.130271912 -0.028515091 0.998917162 0.036759969 2.872509003 0.999499202 0.027988404 0.014763733 20.342590332
0.014397633 0.037109464 -0.999207497 -72.327255249 -0.029035432 0.998905122 0.036679871 2.912318468 0.999474645 0.028484318 0.015459359 20.342760086
0.016102366 0.034950890 -0.999259233 -73.526725769 -0.029602420 0.998967409 0.034463666 2.955639601 0.999431968 0.029025547 0.017120367 20.338361740
0.016800776 0.033622831 -0.999293387 -74.726921082 -0.027927611 0.999060273 0.033145458 2.999192238 0.999468744 0.027351007 0.017723991 20.340454102
0.016716896 0.033510242 -0.999298573 -75.942756653 -0.024318554 0.999156177 0.033098653 3.038006306 0.999564469 0.023748193 0.017517706 20.353834152
0.017201068 0.033873472 -0.999278188 -77.148681641 -0.022284409 0.999190688 0.033486906 3.083445549 0.999603689 0.021692313 0.017941998 20.355428696
0.016758166 0.036927409 -0.999177396 -78.371719360 -0.021484807 0.999100327 0.036564220 3.120080948 0.999628663 0.020854387 0.017536467 20.369834900
0.017362012 0.040621426 -0.999023795 -79.579368591 -0.023809724 0.998907804 0.040202931 3.162536144 0.999565721 0.023088478 0.018310234 20.365325928
0.017648645 0.040684145 -0.999016106 -80.792053223 -0.025837252 0.998856664 0.040221203 3.207970858 0.999510348 0.025101980 0.018679632 20.373489380
0.018439520 0.038704313 -0.999080479 -81.981872559 -0.027214993 0.998899579 0.038195014 3.252620697 0.999459445 0.026485676 0.019472567 20.368854523
0.018084345 0.036031205 -0.999187052 -83.198089600 -0.026546201 0.999015450 0.035544559 3.303624868 0.999484003 0.025881819 0.019023031 20.377761841
0.017895576 0.035310507 -0.999216139 -84.402069092 -0.024185555 0.999099076 0.034873217 3.348077774 0.999547303 0.023542522 0.018733455 20.387813568
0.017915202 0.037074912 -0.999151826 -85.615798950 -0.023135273 0.999060035 0.036656678 3.380585194 0.999571800 0.022458943 0.018756099 20.395694733
0.017879106 0.040034369 -0.999038398 -86.820388794 -0.021769105 0.998976767 0.039642312 3.421586990 0.999603152 0.021039404 0.018732328 20.407098770
0.018925050 0.042225253 -0.998928785 -88.009117126 -0.023054676 0.998860598 0.041785583 3.464932203 0.999555051 0.022239188 0.019876974 20.402324677
0.019185711 0.042467177 -0.998913646 -89.204200745 -0.024637703 0.998814285 0.041989751 3.510294199 0.999512434 0.023805335 0.020209249 20.399126053
0.019132944 0.040313195 -0.999003887 -90.394813538 -0.024324967 0.998909712 0.039843515 3.555994034 0.999521017 0.023538411 0.020092703 20.412700653
0.019499833 0.038901910 -0.999052763 -91.582298279 -0.022888791 0.998998165 0.038453035 3.600968361 0.999547839 0.022117283 0.020370718 20.420621872
0.019619513 0.040249523 -0.998997033 -92.776176453 -0.021327445 0.998978972 0.039829932 3.642893791 0.999580026 0.020524608 0.020457895 20.426479340
0.019680109 0.042871796 -0.998886704 -93.975723267 -0.018930046 0.998917162 0.042500138 3.693372965 0.999627054 0.018072566 0.020470368 20.439346313
0.019946828 0.045417294 -0.998768926 -95.162811279 -0.017951315 0.998822927 0.045061234 3.736376286 0.999639809 0.017030392 0.020738652 20.446928024
0.020760093 0.047348741 -0.998662651 -96.360679626 -0.018759366 0.998720586 0.046961509 3.786298037 0.999608457 0.017759353 0.021621762 20.448787689
0.021045985 0.049023028 -0.998575985 -97.539222717 -0.021046009 0.998597443 0.048580531 3.840876341 0.999556959 0.019993611 0.022048201 20.451234818
0.020941833 0.048304640 -0.998613060 -98.726051331 -0.022997783 0.998591185 0.047821291 3.893178463 0.999516129 0.021964423 0.022023227 20.458953857
0.021261828 0.044316113 -0.998791277 -99.911224365 -0.025423925 0.998718023 0.043771647 3.945340872 0.999450564 0.024462532 0.022361262 20.456974030
0.021330768 0.042560749 -0.998866141 -101.106750488 -0.026726436 0.998760700 0.041985512 3.996399641 0.999415159 0.025800548 0.022441829 20.462903976
0.021971798 0.040962029 -0.998919189 -102.289131165 -0.026675444 0.998828590 0.040371574 4.042276859 0.999402761 0.025759567 0.023038739 20.468547821
0.022125639 0.041531507 -0.998892188 -103.478965759 -0.025367374 0.998838425 0.040967379 4.089858055 0.999433339 0.024432844 0.023153482 20.486751556
0.022007832 0.043443773 -0.998813391 -104.659179688 -0.025658408 0.998750865 0.042875696 4.137042999 0.999428511 0.024684362 0.023095038 20.490739822
0.022020446 0.045396179 -0.998726368 -105.849166870 -0.024283012 0.998698175 0.044859491 4.186635971 0.999462545 0.023264259 0.023094133 20.502662659
0.021546548 0.044532076 -0.998775542 -107.030265808 -0.028218839 0.998636544 0.043917120 4.240439892 0.999369502 0.027238024 0.022773813 20.504159927
0.021430951 0.046112344 -0.998706341 -108.225013733 -0.032420393 0.998442411 0.045404460 4.292936802 0.999244511 0.031405389 0.022892551 20.505720139
0.021015923 0.045133088 -0.998759866 -109.421455383 -0.035427704 0.998386681 0.044370763 4.348105431 0.999151230 0.034451280 0.022580979 20.506530762
0.020728800 0.041192450 -0.998936236 -110.620658875 -0.036288153 0.998523533 0.040422417 4.402500629 0.999126315 0.035411641 0.022192994 20.513916016
0.020259116 0.037715081 -0.999083161 -111.823127747 -0.036229067 0.998659611 0.036964457 4.445418358 0.999138117 0.035446979 0.021598345 20.517768860
0.019269928 0.036701854 -0.999140441 -113.042442322 -0.032678973 0.998815238 0.036059640 4.494911194 0.999280095 0.031956013 0.020446479 20.525987625
0.019105028 0.035907339 -0.999172509 -114.261444092 -0.028529460 0.998967528 0.035354462 4.540348053 0.999410272 0.027830405 0.020109719 20.535961151
0.018652096 0.037708350 -0.999114633 -115.502296448 -0.027553832 0.998928428 0.037186924 4.589360237 0.999446273 0.026835825 0.019671116 20.541954041
0.017838636 0.041652724 -0.998972893 -116.757003784 -0.026536264 0.998799622 0.041171644 4.635431290 0.999488592 0.025774565 0.018922534 20.547904968
0.017255438 0.041889369 -0.998973310 -118.017333984 -0.025107211 0.998825073 0.041449480 4.689507008 0.999535799 0.024366200 0.018286891 20.552045822
0.016909119 0.037568290 -0.999150991 -119.267402649 -0.024809388 0.999001980 0.037142832 4.734965324 0.999549210 0.024160273 0.017824288 20.550079346
0.015537389 0.033943869 -0.999302983 -120.531929016 -0.024877941 0.999127388 0.033551097 4.783001900 0.999569774 0.024339307 0.016368283 20.556453705
0.015340489 0.032648664 -0.999349296 -121.795791626 -0.023924096 0.999192595 0.032276314 4.823544502 0.999596059 0.023413394 0.016109195 20.556026459
0.014657906 0.033677313 -0.999325335 -123.072769165 -0.026060294 0.999106050 0.033287682 4.873061180 0.999552906 0.025554780 0.015522441 20.554862976
0.014222204 0.038563240 -0.999154925 -124.367294312 -0.030714957 0.998801291 0.038112387 4.919690132 0.999426961 0.030146960 0.015389625 20.546829224
0.013632585 0.041856017 -0.999030590 -125.658584595 -0.036414929 0.998481452 0.041336104 4.971476078 0.999243736 0.035816107 0.015136067 20.536010742
0.013701607 0.041945137 -0.999025941 -126.950477600 -0.043913320 0.998180985 0.041307397 5.024942875 0.998941302 0.043304574 0.015518636 20.524360657
0.014125179 0.039869126 -0.999104977 -128.244293213 -0.047109641 0.998121679 0.039163858 5.081101418 0.998789787 0.046514276 0.015976865 20.509145737
0.013026781 0.038592685 -0.999170125 -129.529525757 -0.049315460 0.998063684 0.037906989 5.131406307 0.998698294 0.048780724 0.014904771 20.509563446
0.013070855 0.038011219 -0.999191821 -130.817657471 -0.049151458 0.998093545 0.037326481 5.174973965 0.998705745 0.048623845 0.014914245 20.499986649
0.012678925 0.037194453 -0.999227643 -132.099487305 -0.047030315 0.998224139 0.036560353 5.220620155 0.998812914 0.046530440 0.014405676 20.499021530
0.012057665 0.037549302 -0.999222040 -133.391677856 -0.047287650 0.998198032 0.036940202 5.270998955 0.998808563 0.046805441 0.013811556 20.501245499
0.011822947 0.042579986 -0.999023139 -134.692642212 -0.047133807 0.998006046 0.041978836 5.320331097 0.998818636 0.046591450 0.013806332 20.490486145
0.010818958 0.046895716 -0.998841226 -135.988525391 -0.046138711 0.997859120 0.046349853 5.368947983 0.998876393 0.045583781 0.012959505 20.493101120
0.010687774 0.045806859 -0.998893201 -137.270523071 -0.046700187 0.997883022 0.045260862 5.426305771 0.998851776 0.046164762 0.012804337 20.486848831
0.011605271 0.044217248 -0.998954475 -138.551940918 -0.046499006 0.997964919 0.043633241 5.479894161 0.998850942 0.045944016 0.013637712 20.481819153
0.012609260 0.043523330 -0.998972833 -139.821838379 -0.045510847 0.998041987 0.042908322 5.535484314 0.998884320 0.044923048 0.014565352 20.479516983
0.013658036 0.042906396 -0.998985708 -141.105117798 -0.045673676 0.998062849 0.042242307 5.584040642 0.998863041 0.045050405 0.015591271 20.478046417
0.014139445 0.044987440 -0.998887539 -142.376815796 -0.045612611 0.997976363 0.044300754 5.637411118 0.998859167 0.044935469 0.016162829 20.483169556
0.015239309 0.048780311 -0.998693287 -143.672058105 -0.046800945 0.997749448 0.048020057 5.691679001 0.998787940 0.046008002 0.017487971 20.480604172
0.016648021 0.049470015 -0.998636782 -144.958923340 -0.048122674 0.997657478 0.048619244 5.755971432 0.998702645 0.047247667 0.018989649 20.477773666
0.017434217 0.047147494 -0.998735726 -146.229476929 -0.050558418 0.997651458 0.046213727 5.806110859 0.998568952 0.049688816 0.019776974 20.481742859
0.017324310 0.044196021 -0.998872638 -147.500045776 -0.049214661 0.997849345 0.043297168 5.862410545 0.998638034 0.048409086 0.019462146 20.489105225
0.017567242 0.042586852 -0.998938322 -148.769180298 -0.046342060 0.998053551 0.041734155 5.911175728 0.998771131 0.045559715 0.019506611 20.498863220
0.017529862 0.041581031 -0.998981357 -150.022628784 -0.044665616 0.998169899 0.040763479 5.964865685 0.998848140 0.043905545 0.019355025 20.501775742
0.017103292 0.042456642 -0.998951912 -151.303710938 -0.042556506 0.998223543 0.041697074 6.007944107 0.998947680 0.041798744 0.018879715 20.517433167
0.016885936 0.041061569 -0.999013960 -152.554550171 -0.040931590 0.998347282 0.040342309 6.058527946 0.999019325 0.040210016 0.018538743 20.523208618
0.017105725 0.040806398 -0.999020636 -153.835922241 -0.039532747 0.998413146 0.040104691 6.113709450 0.999071777 0.038808014 0.018691767 20.526550293
0.016958818 0.043353457 -0.998915911 -155.099197388 -0.037152968 0.998396873 0.042700186 6.165896893 0.999165654 0.036388528 0.018542342 20.532371521
0.016805084 0.044879533 -0.998851061 -156.368270874 -0.034946047 0.998408079 0.044271689 6.214156151 0.999248028 0.034161907 0.018346695 20.537727356
0.016738283 0.043352142 -0.998919666 -157.620956421 -0.032944795 0.998541057 0.042783681 6.267530441 0.999316990 0.032193080 0.018142087 20.542232513
0.015770825 0.043727808 -0.998919129 -158.875320435 -0.034040309 0.998487532 0.043171495 6.319962025 0.999296010 0.033322658 0.017235478 20.548038483
0.016063860 0.048275553 -0.998704970 -160.131500244 -0.034559254 0.998263717 0.047698352 6.377440453 0.999273479 0.033748273 0.017704334 20.547817230
0.016385183 0.054891422 -0.998357892 -161.400253296 -0.039622139 0.997743249 0.054207340 6.433028221 0.999080360 0.038668875 0.018523121 20.546907425
0.017430585 0.054843407 -0.998342872 -162.629653931 -0.044075865 0.997565985 0.054031193 6.497751236 0.998876035 0.043061025 0.019805428 20.542165756
0.019139307 0.050966192 -0.998516977 -163.894027710 -0.048483606 0.997572303 0.049988654 6.564391136 0.998640537 0.047454961 0.021563869 20.528900146
0.020768991 0.045923900 -0.998728991 -165.138473511 -0.050471012 0.997718990 0.044827890 6.617417336 0.998509526 0.049475841 0.023039443 20.527042389
0.021416688 0.044561144 -0.998777092 -166.385772705 -0.052511394 0.997677326 0.043386087 6.666303158 0.998390615 0.051517989 0.023706915 20.536766052
0.022750681 0.040960293 -0.998901665 -167.613769531 -0.047483549 0.998076916 0.039844997 6.718369961 0.998612881 0.046524897 0.024651872 20.555027008
0.022983827 0.036792666 -0.999058604 -168.872772217 -0.044236101 0.998381197 0.035750050 6.766832352 0.998756707 0.043372780 0.024574185 20.566459656
0.022347277 0.033269778 -0.999196589 -170.111785889 -0.037772354 0.998760581 0.032410473 6.810789108 0.999036431 0.037017714 0.023576256 20.587490082
0.021638928 0.036246248 -0.999108613 -171.367034912 -0.035541985 0.998738706 0.035463050 6.856894016 0.999133885 0.034742922 0.022899896 20.594982147
0.022007702 0.042722285 -0.998844564 -172.623367310 -0.035995327 0.998472631 0.041913282 6.899059296 0.999109566 0.035031322 0.023511890 20.607786179
0.023930842 0.045853443 -0.998661518 -173.871948242 -0.037936445 0.998269677 0.044926383 6.952640057 0.998993516 0.036810540 0.025628954 20.611883163
0.025741303 0.042500127 -0.998764873 -175.107192993 -0.038766026 0.998386800 0.041484922 7.005476952 0.998916745 0.037650261 0.027347341 20.621431351
0.026299559 0.042701401 -0.998741686 -176.354141235 -0.040959578 0.998294294 0.041603696 7.057579994 0.998814642 0.039813876 0.028003734 20.634117126
0.027110236 0.043876607 -0.998669147 -177.600173950 -0.039659370 0.998296916 0.042783644 7.108263493 0.998845458 0.038446710 0.028804187 20.650083542
0.027763505 0.041760549 -0.998741746 -178.835098267 -0.038916580 0.998414695 0.040665045 7.157480240 0.998856664 0.037738614 0.029344667 20.668577194
0.029519768 0.040377878 -0.998748243 -180.045013428 -0.039065506 0.998467028 0.039211851 7.202266693 0.998800457 0.037859078 0.031051898 20.686771393
0.031211715 0.042403515 -0.998612940 -181.225997925 -0.040460564 0.998334467 0.041127078 7.239357471 0.998693466 0.039120797 0.032875400 20.701045990
0.032340765 0.044510335 -0.998485327 -182.381454468 -0.040030356 0.998264015 0.043203883 7.274985313 0.998674929 0.038572475 0.034066387 20.723030090
0.033122756 0.045944300 -0.998394728 -183.491546631 -0.041631423 0.998139203 0.044551380 7.309387207 0.998583853 0.040088933 0.034973849 20.736169815
0.033272348 0.047030784 -0.998339117 -184.589706421 -0.041888751 0.998080134 0.045622516 7.350528717 0.998568058 0.040301215 0.035178538 20.756633759
0.032881323 0.047979970 -0.998306930 -185.664062500 -0.041051265 0.998068988 0.046616424 7.388134003 0.998615861 0.039448962 0.034787469 20.781478882
0.033604968 0.046866611 -0.998335660 -186.717620850 -0.041323613 0.998110831 0.045465060 7.432342052 0.998580575 0.039726999 0.035478186 20.792297363
0.034932774 0.047243603 -0.998272300 -187.709442139 -0.042358514 0.998054326 0.045751028 7.458519936 0.998491585 0.040687121 0.036865968 20.817428589
0.036383785 0.048504718 -0.998159945 -188.687713623 -0.043127034 0.997967005 0.046923317 7.489405632 0.998406827 0.041340437 0.038401682 20.839878082
0.035596423 0.046589315 -0.998279572 -189.652542114 -0.041763127 0.998109460 0.045092188 7.529120922 0.998493195 0.040086161 0.037474845 20.860090256
0.032803293 0.043618850 -0.998509526 -190.592254639 -0.038906805 0.998345613 0.042333506 7.559708118 0.998704195 0.037460141 0.034446105 20.876037598
0.027583858 0.040003732 -0.998818696 -191.527465820 -0.038916912 0.998484254 0.038915593 7.594434738 0.998861611 0.037797503 0.029098876 20.891122818
0.023054613 0.037123721 -0.999044716 -192.477859497 -0.040312771 0.998532176 0.036174390 7.627475739 0.998921096 0.039440271 0.024517331 20.892751694
0.019384533 0.036255550 -0.999154508 -193.424957275 -0.042667083 0.998461902 0.035402637 7.665718555 0.998901308 0.041944750 0.020901635 20.892471313
0.016476911 0.037060067 -0.999177217 -194.361602783 -0.044305116 0.998358369 0.036299076 7.693751335 0.998882115 0.043670569 0.018091815 20.890472412
0.014319565 0.038809627 -0.999144018 -195.298126221 -0.042846266 0.998352408 0.038164813 7.725501060 0.998979092 0.042263091 0.015958823 20.892841339
0.013107162 0.040117804 -0.999108911 -196.243225098 -0.040206980 0.998407781 0.039562177 7.762090683 0.999105334 0.039652605 0.014699310 20.890150070
0.011619983 0.040600363 -0.999107897 -197.181320190 -0.038244169 0.998462319 0.040129345 7.791487217 0.999200881 0.037743744 0.013154845 20.894657135
0.011008280 0.039275039 -0.999167860 -198.113510132 -0.038946379 0.998486936 0.038819190 7.830334187 0.999180675 0.038486641 0.012521246 20.883754730
0.009882446 0.038127802 -0.999224007 -199.037231445 -0.040814217 0.998455524 0.037694816 7.863789558 0.999117851 0.040410034 0.011423339 20.881883621
0.010193172 0.037779715 -0.999234080 -199.954620361 -0.044124406 0.998329639 0.037295405 7.893336773 0.998974025 0.043710444 0.011843150 20.869655609
0.010731590 0.036109067 -0.999290287 -200.882812500 -0.046870258 0.998267591 0.035568755 7.926580906 0.998843253 0.046455286 0.012405439 20.864002228
0.011618625 0.033414744 -0.999374032 -201.816757202 -0.047058564 0.998352289 0.032833479 7.958857536 0.998824596 0.046647623 0.013171932 20.861175537
0.012474841 0.031291317 -0.999432445 -202.749099731 -0.046835445 0.998431444 0.030675385 7.984534264 0.998824716 0.046426192 0.013920818 20.856552124
0.013155411 0.030836048 -0.999437869 -203.694519043 -0.046671834 0.998453915 0.030191353 8.016663551 0.998823643 0.046248421 0.014574246 20.851020813
0.013443711 0.033490013 -0.999348581 -204.642807007 -0.044204958 0.998481691 0.032866295 8.045770645 0.998932004 0.043734312 0.014903725 20.855587006
0.013566781 0.034934241 -0.999297440 -205.602630615 -0.043566406 0.998461068 0.034313519 8.074687958 0.998958349 0.043070287 0.015067860 20.855367661
0.014473724 0.031334300 -0.999404132 -206.558105469 -0.038439915 0.998787344 0.030758265 8.104058266 0.999156058 0.037971821 0.015660660 20.859588623
0.015163323 0.027733278 -0.999500334 -207.521545410 -0.036946900 0.998948038 0.027157437 8.140568733 0.999202192 0.036516640 0.016172033 20.857160568
0.015239212 0.028544895 -0.999476314 -208.492004395 -0.041526023 0.998748004 0.027890941 8.172883987 0.999021173 0.041079238 0.016405489 20.856576920
0.017000573 0.032620322 -0.999323130 -209.469253540 -0.042796612 0.998575449 0.031867854 8.201973915 0.998939157 0.042225882 0.018372392 20.852466583
0.018420260 0.032008652 -0.999317765 -210.451873779 -0.040861424 0.998676598 0.031234913 8.235003471 0.998995006 0.040258184 0.019703796 20.863353729
0.020127969 0.033158395 -0.999247372 -211.434097290 -0.039733455 0.998686790 0.032339443 8.274871826 0.999007523 0.039052621 0.021419035 20.875724792
0.022083532 0.037364390 -0.999057651 -212.443222046 -0.040513430 0.998513997 0.036448531 8.317070961 0.998934865 0.039670344 0.023564478 20.879920959
0.023795711 0.041210826 -0.998867035 -213.456115723 -0.037719097 0.998475552 0.040296104 8.356132507 0.999004960 0.036717486 0.025313869 20.894107819
0.025151439 0.041564308 -0.998819232 -214.473815918 -0.037135594 0.998484552 0.040615264 8.403285980 0.998993635 0.036070198 0.026656840 20.908836365
0.027193680 0.042196464 -0.998739243 -215.493011475 -0.040638447 0.998329341 0.041072648 8.450477600 0.998803854 0.039470281 0.028863048 20.918405533
0.029705854 0.044384800 -0.998572767 -216.542404175 -0.043393210 0.998129070 0.043074202 8.493082047 0.998616338 0.042051721 0.031576276 20.932306290
0.032921035 0.044543918 -0.998464823 -217.590850830 -0.044430416 0.998083949 0.043061983 8.541183472 0.998469830 0.042944562 0.034837067 20.956890106
0.035824548 0.042465832 -0.998455346 -218.636016846 -0.047454558 0.998041928 0.040745579 8.581211090 0.998230755 0.045921564 0.037769608 20.971725464
0.038325500 0.039767832 -0.998473585 -219.689315796 -0.047163814 0.998166144 0.037945233 8.620610237 0.998151720 0.045637552 0.040130828 21.005327225
