0.999996662 -0.002349261 -0.001040090 -0.000496617 0.002352326 0.999992728 0.002955172 -0.000898609 0.001033142 -0.002957608 0.999995053 0.066132382
0.999994338 -0.002454049 -0.002283778 -0.001280082 0.002463398 0.999988556 0.004099652 -0.001924082 0.002273690 -0.004105255 0.999988973 0.131765813
0.999992788 -0.001240922 -0.003569327 -0.002151809 0.001253869 0.999992609 0.003627360 -0.002354679 0.003564805 -0.003631808 0.999987006 0.197231382
0.999987185 -0.000396290 -0.005043949 -0.002831999 0.000413815 0.999993801 0.003473901 -0.003183996 0.005042546 -0.003475944 0.999981284 0.262687474
0.999980867 -0.000271892 -0.006166875 -0.003760697 0.000295379 0.999992669 0.003808003 -0.003910872 0.006165795 -0.003809752 0.999973655 0.328176796
0.999967813 -0.000617257 -0.007994580 -0.004516012 0.000652462 0.999990046 0.004401885 -0.004758285 0.007991787 -0.004406960 0.999958336 0.392752856
0.999949455 -0.002310795 -0.009778819 -0.005100758 0.002344599 0.999991417 0.003446840 -0.005412905 0.009770777 -0.003469593 0.999946296 0.458160937
0.999932289 -0.003785271 -0.011006638 -0.006110458 0.003827500 0.999985397 0.003818091 -0.006110113 0.010992032 -0.003859960 0.999932170 0.523002982
0.999918997 -0.003589381 -0.012203299 -0.007401705 0.003634517 0.999986589 0.003678521 -0.006751223 0.012189935 -0.003722578 0.999918759 0.588092446
0.999903440 -0.003073682 -0.013548249 -0.008325903 0.003135488 0.999984741 0.004543052 -0.007856983 0.013534084 -0.004585093 0.999897897 0.647047222
0.999904513 -0.001659632 -0.013706125 -0.009586768 0.001721728 0.999988437 0.004520000 -0.008424303 0.013698461 -0.004543167 0.999895871 0.714799821
0.999891043 -0.001100545 -0.014712278 -0.010777056 0.001183409 0.999983549 0.005624872 -0.009189060 0.014705843 -0.005641669 0.999875963 0.773597121
0.999889314 0.000977493 -0.014840767 -0.012087092 -0.000890591 0.999982417 0.005861143 -0.008873906 0.014846235 -0.005847278 0.999872625 0.840408564
0.999903083 0.000230022 -0.013911209 -0.012649046 -0.000168075 0.999990046 0.004454075 -0.008569204 0.013912093 -0.004451305 0.999893367 0.888655722
0.999867022 0.001916039 -0.016192958 -0.013979868 -0.001827744 0.999983370 0.005465692 -0.009243052 0.016203165 -0.005435370 0.999853849 0.967147112
0.999867737 0.001309679 -0.016209994 -0.013960641 -0.001215607 0.999982297 0.005811864 -0.009632823 0.016217323 -0.005791391 0.999851704 1.025224805
0.999864817 0.003574260 -0.016042765 -0.016152285 -0.003459501 0.999968231 0.007175381 -0.010412052 0.016067900 -0.007118912 0.999845564 1.091988444
0.999867260 0.005121066 -0.015463737 -0.018092837 -0.005032580 0.999970794 0.005755612 -0.011093167 0.015492758 -0.005677026 0.999863923 1.148416877
0.999856710 0.004784977 -0.016233647 -0.018074019 -0.004716660 0.999979854 0.004244003 -0.012034757 0.016253619 -0.004166828 0.999859154 1.214570284
0.999865055 0.002033867 -0.016297217 -0.018914316 -0.001973577 0.999991238 0.003714615 -0.012493542 0.016304620 -0.003681951 0.999860227 1.269581676
0.999875844 0.002164717 -0.015602164 -0.020557037 -0.002064848 0.999977291 0.006414214 -0.012855372 0.015615705 -0.006381201 0.999857664 1.335345149
0.999879897 0.000294067 -0.015489498 -0.021737464 -0.000175514 0.999970675 0.007654566 -0.013528479 0.015491306 -0.007650929 0.999850690 1.389959812
0.999883711 -0.000619468 -0.015230219 -0.022783814 0.000727798 0.999974489 0.007108318 -0.013985110 0.015225424 -0.007118576 0.999858737 1.455251455
0.999888897 -0.000364771 -0.014895603 -0.023733893 0.000441392 0.999986708 0.005140962 -0.014305765 0.014893528 -0.005146965 0.999875844 1.509098291
0.999897897 0.000274615 -0.014282464 -0.025226185 -0.000210632 0.999989927 0.004481189 -0.015193025 0.014283556 -0.004477724 0.999887884 1.572527766
0.999905765 0.001406618 -0.013651309 -0.025888793 -0.001360559 0.999993443 0.003382763 -0.015766352 0.013655981 -0.003363871 0.999901056 1.624392509
0.999924600 0.001368791 -0.012199886 -0.027588069 -0.001312779 0.999988496 0.004598071 -0.016552296 0.012206040 -0.004581708 0.999914944 1.686626434
0.999944508 0.002178633 -0.010299068 -0.028757803 -0.002109291 0.999975085 0.006738945 -0.017326970 0.010313493 -0.006716847 0.999924183 1.737210274
0.999959469 0.001293207 -0.008902707 -0.028981533 -0.001223034 0.999968112 0.007883255 -0.017690971 0.008912619 -0.007872049 0.999929190 1.787393451
0.999974370 0.002164335 -0.006807443 -0.029571973 -0.002106913 0.999962151 0.008430980 -0.018469784 0.006825439 -0.008416421 0.999941289 1.853742599
0.999992490 0.001577200 -0.003515920 -0.029831547 -0.001549765 0.999968469 0.007792040 -0.019171879 0.003528105 -0.007786533 0.999963462 1.901843667
0.999999762 0.000576504 0.000419436 -0.030235922 -0.000579001 0.999981999 0.005976863 -0.019394383 -0.000415977 -0.005977104 0.999982059 1.949479699
0.999993443 0.001029273 0.003458716 -0.030370373 -0.001043033 0.999991536 0.003978574 -0.019992355 -0.003454589 -0.003982156 0.999986112 2.012810707
0.999972284 0.001232853 0.007339266 -0.030102056 -0.001269057 0.999987066 0.004930262 -0.021003261 -0.007333091 -0.004939440 0.999960959 2.059006214
0.999910295 0.001385661 0.013319550 -0.030928642 -0.001453886 0.999985874 0.005113774 -0.021699227 -0.013312273 -0.005132681 0.999898255 2.103631735
0.999804378 0.003304171 0.019501176 -0.029201604 -0.003376430 0.999987483 0.003673625 -0.021742504 -0.019488797 -0.003738751 0.999803126 2.166221380
0.999624431 0.005157679 0.026915655 -0.028328378 -0.005249228 0.999980688 0.003331787 -0.022246432 -0.026897950 -0.003471822 0.999632120 2.210253954
0.999359488 0.005894799 0.035295371 -0.026769571 -0.006059943 0.999971211 0.004573772 -0.022785969 -0.035267394 -0.004784731 0.999366462 2.257528543
0.998920858 0.007761402 0.045791268 -0.025268748 -0.008015948 0.999953330 0.005377818 -0.023577804 -0.045747399 -0.005739076 0.998936534 2.317099333
0.998215377 0.009666237 0.058928508 -0.022990689 -0.010019400 0.999933481 0.005700562 -0.024400681 -0.058869500 -0.006280816 0.998245955 2.361899853
0.997227252 0.012056303 0.073433876 -0.020259172 -0.012540930 0.999902427 0.006141987 -0.025225349 -0.073352672 -0.007045886 0.997281134 2.402050018
0.995827854 0.014598078 0.090076029 -0.016027808 -0.015280050 0.999859452 0.006886121 -0.025096726 -0.089962848 -0.008233756 0.995911121 2.463779926
0.994025230 0.015347507 0.108065747 -0.012126476 -0.016283033 0.999837160 0.007779881 -0.025573907 -0.107928731 -0.009493036 0.994113386 2.504818439
0.991730392 0.014915064 0.127469227 -0.007640541 -0.015900407 0.999850988 0.006715935 -0.026103415 -0.127350077 -0.008687206 0.991819859 2.547210455
0.988976061 0.013609031 0.147448555 0.000408828 -0.014671661 0.999873579 0.006121527 -0.026846426 -0.147346616 -0.008217358 0.989050984 2.604899645
0.985637128 0.010015705 0.168580040 0.007382452 -0.011170005 0.999920130 0.005900253 -0.027316421 -0.168507516 -0.007698547 0.985670388 2.646234512
0.981737554 0.004940238 0.190176159 0.015096843 -0.006617806 0.999944448 0.008187057 -0.028260855 -0.190125197 -0.009296089 0.981715977 2.685006142
0.976924539 -0.000219713 0.213584483 0.025573373 -0.001812906 0.999954820 0.009320782 -0.028392008 -0.213576913 -0.009492909 0.976880133 2.738462925
0.971419156 -0.005754586 0.237300962 0.035155594 0.003769483 0.999953926 0.008818223 -0.028670428 -0.237340808 -0.007671690 0.971396148 2.776411533
0.964821041 -0.011261716 0.262666464 0.045057297 0.009707120 0.999926746 0.007215451 -0.029367475 -0.262728572 -0.004411883 0.964859724 2.814024210
0.957348943 -0.014884034 0.288550496 0.060625196 0.013303891 0.999883831 0.007436612 -0.029296806 -0.288627654 -0.003280587 0.957435846 2.864984751
0.948816001 -0.017474670 0.315345556 0.072821915 0.015227983 0.999838114 0.009587215 -0.029432075 -0.315462023 -0.004294425 0.948928535 2.901061058
0.939028203 -0.022082863 0.343130022 0.088721216 0.018882986 0.999741554 0.012664284 -0.029928498 -0.343320966 -0.005412801 0.939202547 2.945216179
0.928104162 -0.024709625 0.371499568 0.102732003 0.021646427 0.999688685 0.012413993 -0.030197326 -0.371690631 -0.003479841 0.928350151 2.979824305
0.915882826 -0.024622886 0.400689662 0.120807528 0.023114935 0.999695778 0.008597244 -0.030551864 -0.400779545 0.001387847 0.916173398 3.021994829
0.902619362 -0.025679568 0.429672658 0.136751413 0.026809398 0.999634683 0.003424702 -0.030788381 -0.429603785 0.008428065 0.902978182 3.055334091
0.888533473 -0.027638560 0.457978427 0.154216051 0.030494940 0.999534130 0.001157069 -0.031201918 -0.457797199 0.012937932 0.888962507 3.087993622
0.872971594 -0.028431930 0.486941606 0.177985668 0.030096607 0.999537230 0.004405638 -0.031800032 -0.486841589 0.010809299 0.873423398 3.131253481
0.855100870 -0.027107848 0.517752588 0.196134806 0.025604799 0.999621630 0.010049021 -0.031843811 -0.517829180 0.004664028 0.855471373 3.161925316
0.835339308 -0.027439727 0.549049258 0.216503978 0.023892822 0.999621868 0.013606673 -0.032098591 -0.549215138 0.001752149 0.835679114 3.193208694
0.814203501 -0.021241838 0.580190837 0.243834853 0.020060806 0.999763072 0.008451060 -0.032229751 -0.580232918 0.004758213 0.814436674 3.233364344
0.792292476 -0.014632246 0.609965980 0.265904784 0.017087381 0.999852479 0.001790072 -0.033086866 -0.609902143 0.009004460 0.792425513 3.261914253
0.769634664 -0.011932125 0.638372958 0.287841558 0.016400464 0.999864876 -0.001083772 -0.032487363 -0.638273716 0.011303721 0.769726455 3.289141655
0.746206224 -0.014536883 0.665556133 0.319902420 0.017376998 0.999846160 0.002355663 -0.033140443 -0.665488064 0.009807557 0.746344090 3.326061249
0.721796691 -0.014992421 0.691942811 0.343626142 0.017828021 0.999836266 0.003066386 -0.033656944 -0.691875517 0.010122663 0.721945882 3.350659847
0.696847379 -0.012806902 0.717105031 0.369768620 0.018753620 0.999823987 -0.000367811 -0.033419020 -0.716974139 0.013704622 0.696965098 3.374985456
0.670106292 -0.010202155 0.742194891 0.404308558 0.017931229 0.999836147 -0.002445915 -0.034387562 -0.742048502 0.014947489 0.670179546 3.407828808
0.642825007 -0.007549631 0.765975773 0.431329846 0.015741434 0.999870420 -0.003355634 -0.034845408 -0.765851319 0.014214641 0.642860532 3.430768967
0.614970803 -0.005948384 0.788527250 0.459126592 0.016142627 0.999856830 -0.005047021 -0.035015129 -0.788384616 0.015832676 0.614978969 3.452411652
0.586007714 -0.000101777 0.810305417 0.497559786 0.015285766 0.999823451 -0.010928983 -0.036189314 -0.810161352 0.018790610 0.585905731 3.481404066
0.555898607 0.009001393 0.831201375 0.526552200 0.014375397 0.999687731 -0.020440105 -0.036946248 -0.831125915 0.023311479 0.555595636 3.501416683
0.524959385 0.017908514 0.850938797 0.564371943 0.012856491 0.999497712 -0.028966421 -0.037938260 -0.851030171 0.026146285 0.524465442 3.525000811
0.493348867 0.022640828 0.869536817 0.595541716 0.010474849 0.999434054 -0.031966180 -0.039164796 -0.869768381 0.024878750 0.492832571 3.542724133
0.460545927 0.022209616 0.887357950 0.635146141 0.008249958 0.999536753 -0.029299123 -0.040959496 -0.887597561 0.020814260 0.460149288 3.564053059
0.427782267 0.021344744 0.903629780 0.668458223 0.003973841 0.999667108 -0.025494488 -0.041700654 -0.903873146 0.014496972 0.427554995 3.579672098
0.393268168 0.022156077 0.919156790 0.710066915 -0.000248595 0.999712110 -0.023991484 -0.043759838 -0.919423938 0.009206587 0.393160433 3.598295927
0.358467549 0.024982873 0.933207750 0.744166613 -0.007395083 0.999686420 -0.023921940 -0.044932425 -0.933512986 0.001674092 0.358539909 3.611303568
0.322091192 0.027001109 0.946323454 0.787298083 -0.012231401 0.999628425 -0.024358951 -0.046404209 -0.946629584 -0.003729058 0.322301805 3.627658367
0.285983801 0.026121031 0.957878232 0.822871864 -0.014817455 0.999629319 -0.022835674 -0.047724418 -0.958119929 -0.007662686 0.286264926 3.638683081
0.249608755 0.026048822 0.967996299 0.868111610 -0.015734471 0.999615192 -0.022842381 -0.049021084 -0.968219101 -0.009529250 0.249922618 3.650906324
0.214023784 0.025147414 0.976504683 0.905359983 -0.014512112 0.999640048 -0.022562541 -0.050310630 -0.976720750 -0.009342224 0.214311689 3.658843994
0.178428605 0.024112113 0.983657360 0.951799989 -0.012336875 0.999675810 -0.022266947 -0.051523928 -0.983875692 -0.008162198 0.178668261 3.667741060
0.144311219 0.023282621 0.989258409 0.989799738 -0.004548624 0.999728084 -0.022865489 -0.052641608 -0.989521980 -0.001200017 0.144377932 3.672667027
0.110041529 0.026468173 0.993574440 1.036773324 -0.002097231 0.999649346 -0.026397739 -0.054525908 -0.993924797 0.000821091 0.110058427 3.678407907
0.078027673 0.031676371 0.996447742 1.075309515 -0.001280045 0.999497533 -0.031673089 -0.055751689 -0.996950388 0.001195878 0.078028977 3.681217194
0.047975674 0.035344243 0.998222888 1.124152184 0.005822693 0.999346912 -0.035663880 -0.057667412 -0.998831570 0.007523345 0.047738545 3.684018135
0.022672698 0.033861171 0.999169350 1.162988782 0.007574686 0.999391735 -0.034040596 -0.059010897 -0.999714255 0.008340185 0.022402426 3.684464216
0.000732228 0.030464990 0.999535620 1.212828040 0.009607622 0.999489367 -0.030470626 -0.061036728 -0.999953628 0.009625470 0.000439156 3.684714794
-0.018506303 0.027764801 0.999443054 1.251802683 0.009587649 0.999573290 -0.027590884 -0.062419564 -0.999782860 0.009071706 -0.018764606 3.684494257
-0.035145517 0.030962709 0.998902380 1.301392555 0.011866915 0.999462366 -0.030562539 -0.064519718 -0.999311686 0.010779756 -0.035494056 3.682751417
-0.049973797 0.035545528 0.998117805 1.340836406 0.013864295 0.999294817 -0.034893293 -0.065873682 -0.998654246 0.012094451 -0.050431367 3.680906534
-0.061353434 0.041009393 0.997273207 1.391541481 0.018724937 0.999027014 -0.039929524 -0.067667790 -0.997940421 0.016224066 -0.062061634 3.677026033
-0.070638813 0.044132862 0.996525168 1.430449128 0.023272188 0.998821735 -0.042584922 -0.069753155 -0.997230470 0.020183172 -0.071582653 3.674394369
-0.076209597 0.049645409 0.995855153 1.481099010 0.028226139 0.998466790 -0.047615550 -0.072343841 -0.996692240 0.024480386 -0.077494055 3.670055389
-0.080092512 0.054269932 0.995308995 1.520328999 0.029979190 0.998196065 -0.052014936 -0.074827574 -0.996336579 0.025672549 -0.081575021 3.667242050
-0.082425833 0.058555622 0.994875550 1.570816278 0.032076091 0.997910976 -0.056076780 -0.077419415 -0.996080875 0.027289534 -0.084131896 3.662319422
-0.085045420 0.061290011 0.994490266 1.610993147 0.032887116 0.997735023 -0.058677595 -0.080169275 -0.995834231 0.027715648 -0.086868450 3.658907652
-0.087176375 0.064859144 0.994079173 1.661536574 0.034312122 0.997481644 -0.062072124 -0.083536655 -0.995601773 0.028697746 -0.089182310 3.654141426
-0.088633262 0.068419747 0.993711591 1.701932192 0.034305070 0.997255802 -0.065603971 -0.086524397 -0.995473385 0.028274652 -0.090737194 3.649940729
-0.091210999 0.069899455 0.993375242 1.752639055 0.037809636 0.997057438 -0.066686861 -0.090080060 -0.995113492 0.031476595 -0.093585469 3.645197868
-0.093046069 0.068874680 0.993276656 1.793067455 0.037734769 0.997131824 -0.065607138 -0.092772469 -0.994946361 0.031376589 -0.095378183 3.641152143
-0.096162066 0.068127751 0.993031383 1.844887495 0.037292596 0.997200966 -0.064802527 -0.096900053 -0.994666815 0.030801181 -0.098433577 3.637105227
-0.098657995 0.069099702 0.992719352 1.884714007 0.037863143 0.997124493 -0.065643422 -0.100318901 -0.994400799 0.031111235 -0.100990646 3.633719921
-0.100546651 0.071555458 0.992355883 1.937403798 0.035676129 0.997028172 -0.068277627 -0.103628255 -0.994292498 0.028538333 -0.102800682 3.627545357
-0.102834523 0.073724642 0.991962671 1.979335070 0.033731069 0.996934295 -0.070597328 -0.106852621 -0.994126379 0.026200116 -0.105006091 3.622334719
-0.105439611 0.077354565 0.991412461 2.031255960 0.031908661 0.996719778 -0.074375063 -0.110738643 -0.993913651 0.023792572 -0.107562020 3.617726803
-0.107923895 0.081393532 0.990821600 2.072714806 0.028347760 0.996489704 -0.078771383 -0.114147082 -0.993754983 0.019586271 -0.109852351 3.613373756
-0.110666834 0.084061615 0.990296185 2.124871969 0.025663424 0.996326029 -0.081705548 -0.118141539 -0.993526161 0.016372293 -0.112417571 3.607954979
-0.113109328 0.082433969 0.990157127 2.167240620 0.024346216 0.996483028 -0.080179490 -0.121812090 -0.993284225 0.015037532 -0.114718504 3.602830410
-0.115871593 0.078166105 0.990183830 2.219666958 0.021470174 0.996862769 -0.076180898 -0.126327619 -0.993032217 0.012432214 -0.117186330 3.596824646
-0.117989592 0.076570533 0.990058362 2.262378931 0.021923577 0.996980369 -0.074493155 -0.129579261 -0.992772937 0.012916200 -0.119312033 3.591405630
-0.119846627 0.076760627 0.989820421 2.304613829 0.021747967 0.996970177 -0.074681848 -0.133388266 -0.992554247 0.012576214 -0.121152915 3.586283922
-0.121606037 0.080339655 0.989321649 2.363009214 0.021300744 0.996700585 -0.078320593 -0.137480855 -0.992349863 0.011549030 -0.122916095 3.579658031
-0.122169755 0.083683960 0.988974929 2.405643463 0.022652946 0.996414542 -0.081515126 -0.140517816 -0.992250681 0.012444515 -0.123627409 3.574166775
-0.122444473 0.083837092 0.988928080 2.458320856 0.021326765 0.996417940 -0.081831478 -0.145480901 -0.992246270 0.011070823 -0.123793855 3.568039417
-0.122726068 0.082467414 0.989008307 2.501141071 0.017773326 0.996564269 -0.080891982 -0.149273634 -0.992281497 0.007650414 -0.123770148 3.563342571
-0.122566789 0.081619307 0.989098430 2.555596352 0.014020141 0.996655464 -0.080505580 -0.154237568 -0.992361248 0.003999992 -0.123301178 3.556535244
-0.122624233 0.082658671 0.989004910 2.599261999 0.010435349 0.996577680 -0.081997752 -0.158006027 -0.992398381 0.000265700 -0.123067155 3.551777363
-0.123273142 0.083658993 0.988840163 2.654207945 0.006099206 0.996485353 -0.083545431 -0.162149921 -0.992354035 -0.004267767 -0.123350121 3.545400381
-0.123188712 0.083028279 0.988903880 2.698252201 0.002005167 0.996512651 -0.083417319 -0.166076720 -0.992381215 -0.008293157 -0.122925617 3.539791346
-0.123665437 0.077775307 0.989271283 2.753096581 0.003173740 0.996949673 -0.077982217 -0.170834750 -0.992318928 -0.006504016 -0.123535059 3.533439159
-0.124843739 0.068340369 0.989819884 2.796559811 0.007072254 0.997660935 -0.067989744 -0.174647227 -0.992151201 -0.001487833 -0.125035048 3.528558969
-0.123802111 0.063578539 0.990267992 2.852376938 0.011963896 0.997968376 -0.062577195 -0.178790718 -0.992234766 0.004100273 -0.124311276 3.520908594
-0.123094723 0.066011183 0.990197062 2.896910667 0.019973723 0.997747898 -0.064031556 -0.181752205 -0.992193878 0.011895976 -0.124136023 3.515216112
-0.121900819 0.071671702 0.989951074 2.952604532 0.026274379 0.997272909 -0.068966411 -0.185667142 -0.992194474 0.017603293 -0.123451531 3.507939339
-0.120594099 0.077693857 0.989656746 2.996887684 0.029682372 0.996769071 -0.074635275 -0.188917994 -0.992258191 0.020374788 -0.122510590 3.502059460
-0.119811781 0.081977554 0.989406168 3.053220034 0.030878922 0.996410668 -0.078818612 -0.193232894 -0.992316425 0.021108394 -0.121913090 3.494795322
-0.118813314 0.078873321 0.989778876 3.098412752 0.027505813 0.996718943 -0.076124534 -0.197087482 -0.992535591 0.018180067 -0.120592929 3.488451004
-0.119612209 0.074197359 0.990044236 3.155439615 0.027373943 0.997070909 -0.071416758 -0.201739877 -0.992443264 0.018559104 -0.121292926 3.482565165
-0.119798556 0.072421804 0.990153193 3.201301575 0.025474628 0.997231662 -0.069857337 -0.205351114 -0.992471278 0.016854977 -0.121311851 3.477285385
-0.119478695 0.072583653 0.990180016 3.257333994 0.023109246 0.997257292 -0.070313990 -0.209536418 -0.992567778 0.014481291 -0.120828345 3.471167564
-0.119046509 0.077927276 0.989825845 3.303272963 0.023062715 0.996863306 -0.075707570 -0.212822005 -0.992620826 0.013815353 -0.120470308 3.465151310
-0.118109517 0.080926262 0.989697456 3.362120867 0.022871099 0.996630967 -0.078763776 -0.217382893 -0.992737174 0.013332716 -0.119562462 3.457762718
-0.117902182 0.080376349 0.989767015 3.407327890 0.023286244 0.996668637 -0.078162923 -0.220105335 -0.992752194 0.013832375 -0.119381078 3.453361273
-0.116536796 0.073655069 0.990451455 3.468144178 0.024904801 0.997149587 -0.071222842 -0.225170732 -0.992874086 0.016366918 -0.118038975 3.444535255
-0.116529487 0.072315261 0.990551054 3.514651775 0.024554124 0.997250676 -0.069915786 -0.228588507 -0.992883682 0.016174860 -0.117984764 3.438385487
-0.118008524 0.074889801 0.990184665 3.561735392 0.021434823 0.997111797 -0.072859168 -0.232449949 -0.992781222 0.012626426 -0.119272970 3.434774160
-0.116142750 0.077830508 0.990178287 3.626763344 0.021356449 0.996890187 -0.075853080 -0.237715036 -0.993003011 0.012336913 -0.117443755 3.426053286
-0.116426490 0.078345664 0.990104258 3.674860716 0.020128779 0.996865273 -0.076513700 -0.240778923 -0.992995322 0.011021372 -0.117638536 3.420856476
-0.115746848 0.074348085 0.990492284 3.734343529 0.019458614 0.997173011 -0.072575644 -0.245727435 -0.993088126 0.010873206 -0.116866350 3.413839102
-0.114078574 0.074082747 0.990705609 3.782399893 0.019629110 0.997189224 -0.072307296 -0.248937070 -0.993277788 0.011197960 -0.115212105 3.407629013
-0.113540567 0.074120685 0.990764558 3.831231594 0.021356888 0.997164965 -0.072152019 -0.253159136 -0.993303776 0.012967470 -0.114801660 3.402366400
-0.113090634 0.073735125 0.990844905 3.897369385 0.023315871 0.997164905 -0.071544245 -0.258514673 -0.993311048 0.015011423 -0.114489213 3.395670891
-0.111778311 0.073330313 0.991023719 3.951450825 0.022550182 0.997203946 -0.071244165 -0.262625366 -0.993477225 0.014384215 -0.113119394 3.389344215
-0.110161297 0.073903896 0.991162181 4.000121593 0.024147304 0.997136474 -0.071665511 -0.266459107 -0.993620336 0.016039129 -0.111630425 3.383578777
-0.108477548 0.071629360 0.991514921 4.048281670 0.023951055 0.997299492 -0.069426872 -0.270220995 -0.993810415 0.016216572 -0.109900214 3.377251625
-0.108064570 0.071176566 0.991592586 4.114626884 0.022622216 0.997351408 -0.069124550 -0.275029719 -0.993886471 0.014962111 -0.109388523 3.371263981
-0.107022725 0.070400633 0.991760969 4.169260502 0.024237819 0.997378349 -0.068183817 -0.279215217 -0.993961096 0.016740907 -0.108448491 3.365743399
-0.105601341 0.070913650 0.991876841 4.218201637 0.022246392 0.997372866 -0.068938106 -0.283060074 -0.994159639 0.014785726 -0.106901489 3.360657692
-0.103542238 0.073871590 0.991878092 4.279769421 0.022110229 0.997162640 -0.071957082 -0.287463784 -0.994379222 0.014480055 -0.104881793 3.353713751
-0.102114484 0.072786987 0.992106199 4.335338593 0.020290118 0.997264385 -0.071077041 -0.291638792 -0.994565666 0.012871960 -0.103312001 3.348031998
-0.101661049 0.071508691 0.992245674 4.391068935 0.016986955 0.997392595 -0.070139214 -0.295869857 -0.994674087 0.009724806 -0.102610715 3.342571735
-0.101591565 0.072572976 0.992175519 4.446650982 0.013956618 0.997341394 -0.071521789 -0.299892724 -0.994728327 0.006581405 -0.102334358 3.337065697
-0.101932548 0.071808480 0.992196202 4.502891064 0.011866021 0.997408032 -0.070966654 -0.304265976 -0.994720459 0.004539608 -0.102520443 3.331631422
-0.102610521 0.069539458 0.992287934 4.558827400 0.009508324 0.997576475 -0.068926841 -0.308351010 -0.994676173 0.002362376 -0.103023030 3.325750351
-0.103846163 0.068029255 0.992264032 4.615182877 0.007090756 0.997683227 -0.067658722 -0.312621415 -0.994568110 0.000009803 -0.104087971 3.320118666
-0.105229095 0.067071892 0.992183566 4.670929432 0.005166037 0.997746468 -0.066900052 -0.316914231 -0.994434536 -0.001914173 -0.105338462 3.314225435
-0.106898203 0.067009270 0.992009223 4.727124691 0.005172892 0.997750401 -0.066839643 -0.321169764 -0.994256496 -0.002013480 -0.107004344 3.308421135
-0.110225245 0.066006534 0.991712332 4.777597904 0.004203709 0.997814357 -0.065945446 -0.324651599 -0.993897796 -0.003099982 -0.110261798 3.303435326
-0.112378828 0.060459808 0.991824389 4.839776993 0.002510842 0.998161256 -0.060561609 -0.329520464 -0.993662238 -0.004315527 -0.112324022 3.296216011
-0.117130347 0.059330180 0.991342783 4.889909744 0.000808095 0.998219311 -0.059646249 -0.333492070 -0.993116200 -0.006185287 -0.116969712 3.290776968
-0.121308878 0.068153948 0.990272224 4.952812195 -0.003103237 0.997609079 -0.069039054 -0.335791320 -0.992609978 -0.011448098 -0.120807342 3.282731056
-0.129219159 0.069283105 0.989192605 5.002472878 -0.001174446 0.997544765 -0.070021518 -0.341243058 -0.991615355 -0.010209875 -0.128820539 3.277137518
-0.137369424 0.066327810 0.988296628 5.064922333 -0.000759164 0.997748137 -0.067067645 -0.345241368 -0.990519583 -0.009963323 -0.137009740 3.267622471
-0.148958087 0.065074801 0.986699939 5.114596844 0.002378071 0.997852981 -0.065451346 -0.348596036 -0.988840699 -0.007403066 -0.148793042 3.260936499
-0.161773279 0.065165564 0.984673977 5.176032543 0.001602706 0.997833252 -0.065773137 -0.353462100 -0.986826599 -0.009062193 -0.161527216 3.251640320
-0.175868005 0.065380789 0.982240200 5.225097179 0.004244878 0.997833073 -0.065658681 -0.357119143 -0.984404564 -0.007377774 -0.175764471 3.242951155
-0.190060407 0.063420035 0.979721785 5.286539078 0.005265497 0.997962892 -0.063579351 -0.361576110 -0.981758296 -0.006925192 -0.190007165 3.231735945
-0.205613852 0.066038437 0.976402402 5.341138840 0.009000261 0.997805953 -0.065590739 -0.365661055 -0.978591740 -0.004698487 -0.205757111 3.220798731
-0.220495418 0.069800064 0.972887397 5.395184517 0.009792143 0.997544348 -0.069349803 -0.369169235 -0.975338817 -0.005764664 -0.220637485 3.208609104
-0.234710470 0.073991701 0.969245136 5.442202568 0.009652756 0.997227073 -0.073790334 -0.372726798 -0.972017407 -0.007963480 -0.234773830 3.196543217
-0.251582593 0.071908101 0.965160787 5.501708031 0.006286784 0.997336447 -0.072666571 -0.377686292 -0.967815459 -0.012213890 -0.251364619 3.182700634
-0.267666936 0.066193163 0.961235166 5.554041862 0.000925082 0.997654676 -0.068443507 -0.382041991 -0.963511109 -0.017430844 -0.267100364 3.168708801
-0.283636451 0.062486090 0.956893802 5.607474804 -0.003166593 0.997808218 -0.066096455 -0.386017919 -0.958926618 -0.021777460 -0.282816947 3.153934717
-0.298755586 0.064164713 0.952170253 5.659024715 -0.004511781 0.997631013 -0.068643861 -0.389862597 -0.954318941 -0.024803724 -0.297758341 3.138303757
-0.313228190 0.066339850 0.947357953 5.704853535 -0.004580614 0.997439981 -0.071361408 -0.393368781 -0.949666858 -0.026691884 -0.312122464 3.123703480
-0.326869935 0.068348996 0.942594469 5.761465549 -0.003177135 0.997296274 -0.073417276 -0.398348540 -0.945064008 -0.026992651 -0.325768918 3.104544163
-0.340875119 0.068011299 0.937645197 5.806789875 -0.001732913 0.997332633 -0.072970666 -0.402312577 -0.940106988 -0.026498741 -0.339848012 3.088052750
-0.355191171 0.065698013 0.932482123 5.863062859 -0.001130736 0.997496307 -0.070709310 -0.407440603 -0.934793055 -0.026169715 -0.354227602 3.067845345
-0.369785547 0.064803161 0.926854432 5.907170296 -0.001000244 0.997536361 -0.070144124 -0.410945833 -0.929116607 -0.026865369 -0.368809700 3.050517082
-0.385552287 0.064765476 0.920410156 5.963631153 -0.004084830 0.997403920 -0.071894325 -0.416690230 -0.922676861 -0.031478744 -0.384286791 3.029042244
-0.400443226 0.067442626 0.913836241 6.006760597 -0.003204866 0.997178555 -0.074997790 -0.420227945 -0.916315913 -0.032961082 -0.399097294 3.010930777
-0.415126115 0.068451084 0.907185018 6.061422348 -0.002436938 0.997078180 -0.076349057 -0.425344229 -0.909760594 -0.033905245 -0.413746387 2.986274242
-0.430874914 0.070568271 0.899648190 6.107332230 0.000246631 0.996946812 -0.078082249 -0.429723144 -0.902411580 -0.033421807 -0.429576844 2.966870785
-0.444601446 0.074593320 0.892617106 6.160400391 -0.000288550 0.996514380 -0.083419442 -0.433966845 -0.895728409 -0.037345964 -0.443030268 2.939383984
-0.458871335 0.077265851 0.885136664 6.203270435 0.002089412 0.996302724 -0.085886620 -0.438439161 -0.888500273 -0.037561502 -0.457336217 2.916796207
-0.474884659 0.074209124 0.876913607 6.258358955 -0.000013069 0.996437728 -0.084330991 -0.443988919 -0.880047977 -0.040058944 -0.473192066 2.888636112
-0.491373092 0.070864782 0.868061364 6.301261902 -0.001578142 0.996610165 -0.082252286 -0.447702557 -0.870947778 -0.041786477 -0.489595592 2.864962339
-0.506843150 0.070420668 0.859157085 6.354460716 -0.002964716 0.996509373 -0.083427705 -0.453159302 -0.862033248 -0.044831920 -0.504865170 2.834913731
-0.523161948 0.069884799 0.849363029 6.396950722 -0.003346098 0.996456027 -0.084048495 -0.457138479 -0.852226794 -0.046813030 -0.521074057 2.809341192
-0.538813233 0.068423241 0.839641869 6.448921204 -0.004617883 0.996441185 -0.084164366 -0.462714016 -0.842412591 -0.049226236 -0.536579728 2.776725054
-0.554377735 0.067816615 0.829497576 6.490463257 -0.005722564 0.996340454 -0.085281663 -0.467146993 -0.832245529 -0.052025098 -0.551960826 2.749738693
-0.569541931 0.067379452 0.819195926 6.530108452 -0.006126849 0.996258795 -0.086202703 -0.471352369 -0.821939409 -0.054115135 -0.566998363 2.721702337
-0.584877491 0.065042332 0.808509588 6.587908745 -0.006032055 0.996403337 -0.084521458 -0.477148414 -0.811099231 -0.054311678 -0.582381666 2.682159185
-0.599854648 0.061450198 0.797745705 6.633862019 -0.005882939 0.996680677 -0.081197731 -0.482234269 -0.800087333 -0.053399920 -0.597502112 2.648266315
-0.614754498 0.059759572 0.786451221 6.673927307 -0.004928638 0.996814907 -0.079596989 -0.486620009 -0.788702965 -0.052808750 -0.612501979 2.617323875
-0.629620254 0.058674973 0.774684131 6.724230289 -0.005112156 0.996809483 -0.079653762 -0.492082417 -0.776886284 -0.054111928 -0.627311587 2.577810287
-0.644236863 0.060323153 0.762443423 6.762592316 -0.005577567 0.996487617 -0.083553180 -0.496328950 -0.764805734 -0.058080614 -0.641637743 2.545834303
-0.659838557 0.058625590 0.749116838 6.810299397 -0.008667059 0.996291637 -0.085603528 -0.502502382 -0.751357436 -0.062977150 -0.656883538 2.505536079
-0.675793707 0.055337302 0.735010624 6.848127365 -0.010502535 0.996353745 -0.084669612 -0.507050991 -0.737016141 -0.064938657 -0.672748387 2.472245216
-0.692231774 0.047838524 0.720087826 6.885029316 -0.013857735 0.996735513 -0.079539053 -0.511048257 -0.721542180 -0.065038249 -0.689309120 2.438505411
-0.708541870 0.045055650 0.704228997 6.934378147 -0.015209599 0.996752799 -0.079073682 -0.517300248 -0.705504894 -0.066738047 -0.705555737 2.390005827
-0.726062119 0.042764731 0.686298013 6.975404739 -0.016635522 0.996679842 -0.079704672 -0.521758735 -0.687427878 -0.069287479 -0.722939968 2.347954273
-0.743506551 0.038736463 0.667605817 7.009833336 -0.019830396 0.996604741 -0.079910897 -0.526224077 -0.668434560 -0.072653159 -0.740214050 2.311253071
-0.759897530 0.036289584 0.649029136 7.053365707 -0.020240121 0.996635497 -0.079423100 -0.531705856 -0.649727881 -0.073489830 -0.756606281 2.262135267
-0.775859237 0.038346939 0.629739583 7.085629940 -0.018080574 0.996389687 -0.082949333 -0.536167204 -0.630647004 -0.075743064 -0.772364855 2.222929478
-0.790870428 0.037852805 0.610811710 7.126658440 -0.014279398 0.996672153 -0.080253832 -0.542176604 -0.611816883 -0.072192416 -0.787698090 2.171544790
-0.805695713 0.038225912 0.591094851 7.147276878 -0.011226892 0.996750653 -0.079762422 -0.545414448 -0.592223406 -0.070900388 -0.802648604 2.143882513
-0.819282949 0.040831894 0.571933627 7.185834885 -0.007426498 0.996621907 -0.081789844 -0.551240504 -0.573341310 -0.071256489 -0.816212058 2.089078903
-0.833669543 0.042025451 0.550662160 7.228339195 -0.007147898 0.996195793 -0.086849198 -0.557744324 -0.552217305 -0.076339617 -0.830197752 2.029370308
-0.845446169 0.042707976 0.532350183 7.253863335 -0.005078367 0.996109426 -0.087978378 -0.561126947 -0.534036517 -0.077084444 -0.841940045 1.983806729
-0.858735144 0.040344354 0.510828912 7.291062355 -0.003066745 0.996473193 -0.083855070 -0.569060922 -0.512410462 -0.073575869 -0.855582952 1.931653619
-0.869345963 0.042482410 0.492374748 7.316827297 0.000196997 0.996328115 -0.085616037 -0.573295712 -0.494204044 -0.074332952 -0.866162241 1.888430953
-0.879163861 0.044786159 0.474410295 7.341938496 0.002410008 0.995978594 -0.089558080 -0.577987909 -0.476513535 -0.077592880 -0.875736415 1.844457150
-0.887515426 0.042717710 0.458793432 7.376016617 0.001073630 0.995882273 -0.090648532 -0.585255742 -0.460776657 -0.079959407 -0.883906841 1.777451992
-0.895333886 0.040606204 0.443540484 7.397206783 0.000444128 0.995916247 -0.090279780 -0.589480042 -0.445395172 -0.080633581 -0.891695797 1.732586384
-0.902577877 0.038190980 0.428829104 7.427228451 -0.000784236 0.995910108 -0.090345137 -0.596520364 -0.430525631 -0.081879839 -0.898856699 1.671962380
-0.909317672 0.036022246 0.414540231 7.449368000 -0.001251043 0.996004522 -0.089293912 -0.601819873 -0.416100442 -0.081715144 -0.905639589 1.625778794
-0.915431082 0.033877674 0.401046276 7.470562935 -0.002138423 0.996027648 -0.089018874 -0.606678069 -0.402468890 -0.082348257 -0.911722302 1.578046083
-0.920938611 0.029074943 0.388621420 7.499320984 -0.004519127 0.996349156 -0.085251704 -0.613540828 -0.389681369 -0.080267824 -0.917445064 1.511022329
-0.926006019 0.026302787 0.376591176 7.519841671 -0.005067388 0.996613801 -0.082068183 -0.618449330 -0.377474606 -0.077903979 -0.922737181 1.462707996
-0.930440128 0.025597353 0.365548730 7.544306278 -0.003449329 0.996901393 -0.078587137 -0.624353647 -0.366427600 -0.074381553 -0.927468717 1.401913881
-0.933356106 0.029985338 0.357696950 7.562400341 0.001120893 0.996743441 -0.080631092 -0.628599167 -0.358949780 -0.074856594 -0.930350184 1.353490472
-0.935674965 0.035675243 0.351054817 7.585733414 0.007429822 0.996647358 -0.081479393 -0.634760976 -0.352784723 -0.073629953 -0.932803094 1.291773438
-0.937623680 0.039243467 0.345429718 7.603979111 0.010699378 0.996395230 -0.084156059 -0.639339387 -0.347487092 -0.075210832 -0.934663653 1.242588401
-0.939444005 0.036766421 0.340724438 7.626959801 0.008854887 0.996500671 -0.083114348 -0.644957602 -0.342587918 -0.075064205 -0.936482251 1.181442142
-0.941329598 0.028906453 0.336248279 7.645074844 0.002392944 0.996871889 -0.078999564 -0.649886429 -0.337480009 -0.073560022 -0.938454211 1.131807089
-0.943217516 0.022980435 0.331379801 7.667831898 -0.002966301 0.996981621 -0.077581502 -0.655124247 -0.332162410 -0.074159190 -0.940302372 1.070474148
-0.944733918 0.016918464 0.327401370 7.685449600 -0.009651423 0.996799350 -0.079359271 -0.659531236 -0.327696115 -0.078133285 -0.941546857 1.020707369
-0.946255624 0.013497202 0.323137581 7.707876682 -0.013737033 0.996549845 -0.081851728 -0.664958596 -0.323127508 -0.081891626 -0.942805588 0.959201694
-0.946696401 0.014112555 0.321817666 7.724436760 -0.013714018 0.996368408 -0.084036119 -0.669538438 -0.321834981 -0.083970115 -0.943064868 0.909987569
-0.947228372 0.014524584 0.320230693 7.746439934 -0.013702794 0.996225238 -0.085717641 -0.676024854 -0.320266992 -0.085582227 -0.943453670 0.847632170
-0.947358131 0.016704336 0.319739908 7.763631821 -0.012067617 0.996065617 -0.087793104 -0.680665612 -0.319948524 -0.087030008 -0.943429232 0.799478650
-0.946624756 0.017742611 0.321848541 7.784085751 -0.011535363 0.995979667 -0.088833533 -0.687212229 -0.322130710 -0.087804675 -0.942614496 0.737203360
-0.945897698 0.018882658 0.323914707 7.800974846 -0.010962949 0.995875180 -0.090068780 -0.692666292 -0.324279368 -0.088746935 -0.941789210 0.686431408
-0.945622027 0.019301876 0.324694127 7.822848320 -0.010703761 0.995850444 -0.090372764 -0.698254645 -0.325091153 -0.088933937 -0.941491604 0.627849817
-0.944496155 0.019205200 0.327960581 7.839706898 -0.011404702 0.995771229 -0.091156341 -0.703130543 -0.328324467 -0.089837097 -0.940283120 0.578417540
-0.943841934 0.017145710 0.329952180 7.861600399 -0.013703352 0.995761752 -0.090942979 -0.709519923 -0.330113113 -0.090357259 -0.939606726 0.520572424
-0.942320049 0.015677903 0.334345907 7.878484249 -0.014738069 0.995990038 -0.088241011 -0.714562714 -0.334388673 -0.088078879 -0.938310385 0.473979473
-0.940258622 0.013156564 0.340207040 7.901117325 -0.017113414 0.996163487 -0.085821591 -0.720564783 -0.340031087 -0.086516604 -0.936426044 0.413064957
-0.937650740 0.011231105 0.347397417 7.918814659 -0.018797912 0.996376455 -0.082949042 -0.725248277 -0.347070277 -0.084307581 -0.934042037 0.365192890
-0.935078740 0.012987703 0.354202151 7.941588879 -0.017288150 0.996467710 -0.082177915 -0.731526792 -0.354018331 -0.082966343 -0.931551158 0.306382895
-0.931741953 0.013446230 0.362872422 7.960057259 -0.017410118 0.996510625 -0.081629366 -0.736364186 -0.362703830 -0.082375154 -0.928256571 0.258708954
-0.928267837 0.016143573 0.371561915 7.984364986 -0.016502228 0.996285617 -0.084513791 -0.742006123 -0.371546090 -0.084583022 -0.924553514 0.200396299
-0.924154758 0.017188177 0.381631374 8.003910065 -0.015784409 0.996416092 -0.083100647 -0.746931791 -0.381692022 -0.082821682 -0.920571446 0.153277159
-0.919094622 0.018983306 0.393579155 8.029142380 -0.015719187 0.996277332 -0.084760733 -0.752634466 -0.393723071 -0.084089883 -0.915374756 0.093816280
-0.913665891 0.020146525 0.405966222 8.050096512 -0.016087914 0.996195853 -0.085644722 -0.757388830 -0.406147331 -0.084781826 -0.909866035 0.047955036
-0.907363176 0.022558820 0.419741631 8.077456474 -0.014965407 0.996192038 -0.085890882 -0.763170719 -0.420080900 -0.084215827 -0.903570533 -0.011440754
-0.901436090 0.021767741 0.432364404 8.099658966 -0.015592056 0.996454477 -0.082675174 -0.768094540 -0.432631195 -0.081267849 -0.897900701 -0.056379318
-0.894650340 0.024884066 0.446073323 8.128284454 -0.014117610 0.996374369 -0.083896905 -0.773489714 -0.446543783 -0.081355892 -0.891055524 -0.115023375
-0.887675285 0.027046412 0.459674716 8.151877403 -0.012340564 0.996517599 -0.082464039 -0.778302729 -0.460304350 -0.078873955 -0.884250402 -0.160964012
-0.880447865 0.029138118 0.473246694 8.181415558 -0.009973131 0.996751010 -0.079925060 -0.784107327 -0.474038064 -0.075089604 -0.877296627 -0.215920210
-0.872655392 0.031214798 0.487337977 8.206207275 -0.007201431 0.997023940 -0.076756299 -0.788660586 -0.488283634 -0.070491321 -0.869833291 -0.260481596
-0.864398837 0.033683356 0.501677155 8.238148689 -0.005203913 0.997100830 -0.075913258 -0.793693304 -0.502779722 -0.068230025 -0.861717582 -0.316103220
-0.855343580 0.037511032 0.516701221 8.264755249 -0.001043476 0.997248352 -0.074124724 -0.798071980 -0.518060029 -0.063941285 -0.852950990 -0.359827042
-0.844601631 0.040452264 0.533864856 8.296098709 0.001109115 0.997271538 -0.073811099 -0.802706778 -0.535394073 -0.061748825 -0.842342138 -0.411670923
-0.834381640 0.043410901 0.549475014 8.323357582 0.003696825 0.997311890 -0.073178329 -0.806631923 -0.551174700 -0.059027325 -0.832299292 -0.452353716
-0.822434008 0.044418536 0.567123652 8.357300758 0.004780516 0.997451305 -0.071190238 -0.812738061 -0.568840504 -0.055838119 -0.820550203 -0.503638029
-0.811342716 0.047424220 0.582643926 8.387826920 0.007510327 0.997467101 -0.070730425 -0.816581249 -0.584522605 -0.053010762 -0.809643865 -0.543619871
-0.798303068 0.049000651 0.600259125 8.422743797 0.007831500 0.997444928 -0.071008593 -0.821479082 -0.602204800 -0.051985450 -0.796647251 -0.592400074
-0.784816086 0.050315350 0.617682815 8.457267761 0.009905186 0.997589886 -0.068676546 -0.825871110 -0.619649589 -0.047780201 -0.783422947 -0.635886908
-0.769455373 0.052205067 0.636563480 8.491880417 0.012455042 0.997691035 -0.066766202 -0.830554783 -0.638579130 -0.043445192 -0.768328846 -0.678636789
-0.752901971 0.054794431 0.655847728 8.527631760 0.013985777 0.997635126 -0.067294486 -0.834950924 -0.657984018 -0.041493613 -0.751887798 -0.720130682
-0.736044765 0.057602748 0.674477518 8.560566902 0.013667354 0.997434378 -0.070269480 -0.838374257 -0.676794827 -0.042503148 -0.734943748 -0.756174564
-0.717950523 0.058484688 0.693632722 8.602252960 0.013925585 0.997471511 -0.069689527 -0.843804359 -0.695954859 -0.040374387 -0.716949761 -0.800275564
-0.699170351 0.058414456 0.712564707 8.636687279 0.013104131 0.997536242 -0.068917967 -0.847763062 -0.714835048 -0.038847867 -0.698213220 -0.833580971
-0.679616034 0.058036458 0.731268525 8.679733276 0.011314150 0.997576177 -0.068656720 -0.852494597 -0.733480692 -0.038386535 -0.678625464 -0.873521090
